output/netrad_raster.asc
NCOLS 189
NROWS 177
XLLCORNER 690600.0
YLLCORNER 5139200.0
CELLSIZE 100.0
NODATA_VALUE -9999
[rows 19 to 37 of 177, columns 132 to 175 of 189]
94.14680102775986 94.37720702655469 95.27048321206308 102.12470422565889 103.69320364627703 106.9932407769814 100.94219422975863 101.16403196230561 100.35611433856235 100.50003481631057 101.18881996386062 103.53792613179718 105.70068542552082 104.6794504153961 99.19644532874122 90.3210173566402 90.2183127938577 92.5929008132718 91.48798300972413 93.26045716964512 93.53043609707782 91.92327453997694 95.92994631891241 97.75488946061381 96.92180710685341 95.55480245992368 96.4934876589474 96.43979730929647 96.67021991865334 97.89192277717734 98.58855723178544 99.05251088053848 106.4295200916099 111.94604158664805 116.36408477498765 97.92505727402141 103.20566518714753 103.74199495194773 95.14986625109884 94.54416309816156 95.31276498892953 96.01139023669288 92.40330243661333 97.40167166938693
93.8473798744883 92.3100440336134 100.61015059517456 104.25488097870891 107.69142187739192 110.7512874680047 102.98163842107783 100.04214071064439 100.1862417738206 100.83147147493031 103.56881311823668 101.56600735796957 100.64530285568696 107.70730034160863 110.10663559437029 94.3593541020046 89.81189766400729 89.95576749919138 89.69731711657084 90.15114851074514 91.4095373266054 89.65844090960894 93.01147067975705 98.60847636728113 97.21270102140522 95.46026064254306 95.76477028695899 95.7117930908106 97.52918927745594 96.85412281489414 101.70084567322255 103.09952008037465 107.82522112358083 113.36590127769745 116.30423126828748 105.29547667157499 99.10631625650018 96.15037816003883 93.9331379499589 93.80396328529838 94.25175842371061 94.15411547699051 93.76456134978628 83.55932536328231
89.51096940577685 92.7253790384982 100.5423025012879 99.65998990974884 101.0375048592744 104.8051296072486 104.73537772287966 100.42142398328804 99.80219968356437 99.49388475372717 101.05688854603272 106.0964410647232 106.54053359178073 105.90648654968544 107.99910391169448 102.62356692911061 95.63104001783626 93.36366901153775 94.03314562028146 96.36530180681689 99.38032873879098 92.16888107880732 90.1892558337683 94.34950332450256 95.9024737063333 94.60682740926092 95.02028440683068 95.1060935742284 96.30824022966897 96.63291769519378 97.36551392567412 103.80408377457843 106.86962645734752 112.90715015562597 133.33559129288705 115.14955088427331 102.14960906636787 96.85511110685684 92.82230575481384 92.35154206140709 92.77418132994 93.77285315209747 93.78026800625315 92.62917975451978
94.56047031096699 105.50468524545943 108.29194827512464 107.42062356738495 104.21937901094537 99.90748942720955 101.2203822953586 99.25610197255213 98.0134002105508 98.45905096233986 100.48961514462997 101.2732535009124 106.17707222125205 111.12986258922342 112.00772464282505 103.68561275051422 103.01972731042054 102.95329680172648 105.60719725693792 98.94052540645242 100.51072226696903 98.79575941886452 95.29460726679173 91.12862773516116 95.219080195336 94.27480832571536 94.74916134529104 95.27678094941251 95.78841957763638 95.94440722626786 97.72319884906125 100.79044175600302 105.07506162601317 113.0056229330462 126.39293556913913 111.42211439633797 101.07849674363513 96.62826669721699 93.98786677152503 93.61845918864253 94.90555449105909 95.28129258916334 95.29157732251309 91.77375237380829
108.55291265408596 106.65764339764166 105.75178098663116 105.29493471073772 102.27221221118987 101.94082747029597 101.1453126376694 98.72504753645529 97.69030382841993 98.02053340825307 100.88639635042455 101.04998614272847 98.51770838986232 104.71633680301215 105.76369807613946 110.86604423284922 98.79361097768975 96.03171779156105 96.12571421804608 96.04885847767622 95.22411251975325 96.72512730487557 95.68215587929285 96.01348547460503 92.29362242467715 92.98709035621397 94.7542003231348 94.78703624793542 95.6960417635297 96.1117385210735 97.1603877182543 98.76906937564871 103.01659393641148 108.8162555913247 116.41776943960025 120.0412764663397 101.52444428469619 93.59289346797044 93.6684981132554 92.9389969945226 92.25642340545994 92.48820826662899 91.35440314003586 93.13381416914314
104.39421266937774 113.79919089844594 106.07370616387055 104.58338690540165 103.01292359508983 101.71339513434418 100.00771756975183 99.30467920482198 98.46008606235262 97.49902341283723 101.50177734551431 97.38602709353762 96.6517010479227 100.55638001555894 100.57470611166326 101.68391710992415 100.79034012668092 98.60403668337688 96.55153597800722 97.1956001537414 94.99278010864975 93.82157117259692 94.35419156169263 94.99033134442413 93.02773894606781 93.30700695151398 94.08345853209323 95.5100805824024 95.40273117050515 97.65524335674843 97.86917977740222 99.65008208283717 104.64661368930803 106.84603550903819 116.03245938406388 124.73291884284322 103.27898372854554 93.47150040145505 95.8332209740534 93.1366968733069 93.7621957007479 96.92829414892879 97.60050184723474 92.61552285471146
111.52376860687912 106.08196398931278 103.65579356927446 103.74836835655321 98.59187237629254 98.3025951044055 98.4710828295066 102.57465312005564 101.39704859114164 96.54997420585039 96.24820028939331 95.96648591416954 95.44824646102069 97.04770947674547 99.7314509864886 98.57763095410309 97.8632330854162 97.35321870069112 96.82565297611063 95.81563484638843 95.75963653896827 95.14805188623063 95.02978512775292 94.61063194131657 94.39284650015236 94.89007437262273 95.76499304213934 93.46365366184125 95.36577924361444 95.55699274599687 97.3265316650801 99.57798855036958 102.4618693558524 104.05982523422341 109.89732254225908 108.1979121967878 99.00035971932249 89.766612140235 94.97673579862618 95.55223234460294 101.31198430255108 106.94995605939056 100.13950954973188 93.80468189512914
111.13190923851761 105.8752364024511 103.80273503343022 101.27156648628738 97.59987969802506 96.63005147090655 97.58079478515685 105.15608711664794 96.841489041528 95.70174573014629 95.49661837428027 95.57075674160319 95.25910196345887 96.0217186865645 97.47520467875142 99.28845163446141 99.53151315810294 98.42456693669027 99.52978193985257 98.46202921173347 98.59619096182621 97.55176664093256 98.09147641475124 99.52719219860955 97.0933520773101 96.16768940782879 96.40851915273902 93.09128648184111 94.01517035051484 95.15089774740977 96.01350426935721 98.6664756215697 102.28902645311734 105.17805225496073 106.10308974612406 105.06119267764939 94.94345782626851 89.14343707182394 98.44199176493157 101.95105791013339 109.25486945484516 113.97341954862384 100.44873380132987 95.50957362633648
107.86198845000104 103.62741671878382 102.9760650152806 101.39417678415339 97.70571829203999 96.04143793909287 97.31372416046861 99.44284016065984 96.06356104818809 95.61028370019733 94.95892262765477 95.05502650531707 95.56467781965142 95.92402963714284 96.29285667713572 95.94008894347934 98.40707573739826 97.9026397460309 98.0944513383368 98.40091740506841 98.12306549525726 98.5091175584875 98.04531493987395 97.8875057069248 97.43084105649575 97.20485872498728 96.9942432531642 94.92314517358062 93.77259818276497 94.20336031249269 98.20570238559174 101.03373724307329 100.52305966131348 104.85622405112917 105.19759525278721 106.68720187846884 92.07172439586788 90.6707424266537 95.74491588465924 96.6555609627128 100.6865573356153 104.93009634235779 105.61231072287961 98.42940593240377
102.34591840953067 101.16249893035513 101.51823395367103 100.6648239987411 96.7385798131562 94.7962319990989 95.64819378600879 97.70225987771431 96.31459076359539 97.10045917631419 94.30017161826424 94.99622926066922 95.32375696338073 95.80633727366092 96.2918551597163 95.78646665701058 97.59350502645447 99.4010108134297 99.100952004514 97.85209188779288 97.83577849329657 97.13727574778073 97.76923015497113 97.62055477409757 97.08262744185942 98.1882902142018 98.44953793890085 100.17147420450385 100.36750377801383 96.93366028826563 95.6786264741014 94.37070055048787 104.88761788457924 102.82784822889897 96.9021510473363 90.1795826272396 91.63715493433597 92.38797163155044 92.51716805038131 94.34554266906531 101.53890977821419 115.24409195052789 109.0684077015963 107.28959927686674
101.54709998923062 101.48220819846568 104.09553419840864 99.26199776489676 96.24420566460753 93.5024964422559 95.18932556975619 100.11963034487894 100.9788297258446 96.31282281037744 94.32115831211388 95.82357501524552 95.46153240121447 95.90143006847171 95.82404285063353 96.45774504790205 96.36032519219054 96.44425098962387 100.95605683774244 98.82458633979803 98.11784665330316 97.36958681377791 98.37918188210938 98.92003235475113 98.69257447780626 98.63737079640703 97.9051149974647 102.40497724368197 100.22887049255786 99.2692601796868 101.3789656512659 98.753027237264 95.27698450788438 91.91161876740108 88.89229997445784 89.02604390476404 94.50123527668325 93.76530237010593 97.27709658876955 105.2563650199653 106.97783151678158 106.56574662435986 106.56441733402727 104.86268892728009
99.67340644693263 101.95579231149867 104.83496376058218 97.53499365504433 94.74290527499619 95.86877515596387 100.09175527894007 97.33315240695202 96.6064305620618 95.42348409595252 94.43770016704696 95.5839744594146 95.62446787989035 96.35009113753449 96.39192679476935 96.75053579650569 96.90864913381586 99.8864336977249 99.34080395872002 105.65319027035463 100.40919788870258 98.51056001692342 98.60728295316716 100.26350624102503 100.79041795749123 100.73967070830162 102.30527098985618 98.3026078471409 103.6371411473944 107.66994363508877 99.16644585868238 101.50563493129096 95.03845159049706 88.61528425291942 90.28324621612637 91.99426540579151 93.69592109166626 97.27507763561505 109.24429944230434 105.72300058405756 102.79732190693721 103.67721411072972 104.94630492028438 104.52449351210385
105.37844290208966 100.648150751429 96.56593658199631 96.00164669315859 93.96573633712791 103.50321238121171 98.61068607482571 95.45465888379618 99.54695493123569 94.72539732420523 94.62137830661618 95.69110734444087 95.99404353664733 96.86522314224771 99.08675331118894 99.3458013069025 96.21693774133877 106.1402494825316 98.60229366638316 105.30603910815711 102.86572471929844 100.43174437955196 105.16648476443686 103.79107459978405 97.38766418736668 99.25937445668404 104.47241657432613 106.35257433221562 104.05495516367847 105.07925611877658 103.24764716565772 102.75403061820958 92.29701003985792 88.256144062337 89.65504876043138 91.49573756004872 93.40798016686648 98.31898127231369 101.2395206269855 100.61503252451098 98.79862000087331 100.4211726778206 105.73640431605048 99.77046444824526
108.56627137682955 99.16974525695844 95.71155205068732 94.95166327409817 92.8315346066446 99.3676840423177 100.63929956244709 94.37388139782394 98.1797865553147 94.60553355461832 95.58998633765282 96.44585980077392 96.62813393396988 97.68828178337111 100.25136563711379 99.96987104217447 93.21461990157223 98.25477078358995 94.52543374886216 104.24016292087185 106.1590946402294 109.9123648220293 108.03663649762251 98.15253225305344 94.55710964572722 96.64117855365964 104.67830005858491 105.36286949356725 102.85819812898893 102.05621321508102 97.25908556947917 93.03399849690828 89.76300140402503 89.03209262535876 89.64390445411306 92.51945927371537 94.3145115469294 96.09022464462089 97.27727542006767 97.0795662861704 102.25321460589959 107.1266424605048 98.75402685407738 94.7247832690262
111.90678828263958 97.75867489163852 95.90697789510125 93.63707144349087 92.94487161717302 99.93840314760848 94.04269398160187 96.32542787254135 97.99214668977498 95.07707288701812 99.87281599585805 98.08051460091144 97.42942311739478 98.93601569364637 99.87622750273096 99.36365150840686 95.22685598042165 93.37374696464275 94.39643646554788 101.43215892561051 101.76082464784241 114.02912055825055 109.02467882378454 108.60277048700732 94.90572301093624 91.10193796929383 91.8332285150754 91.18262592093106 90.95706230768104 89.83997962355153 87.41999735310714 87.02276175579362 86.63653099964654 86.5349491295633 88.12302251370096 92.20253510463425 94.7338700189054 97.00050777129542 97.1788010967025 96.26370738592942 95.47396816239973 97.51344581034488 93.4881864221465 93.3851794948531
103.48584250660764 96.44813236301297 94.97324794766126 92.0018599639842 91.57528407716995 93.37899192063207 92.49290903480784 95.10074732990205 95.96545380211205 95.2122791217555 95.84611924476394 99.28916854539239 97.59788709367552 99.80908440167195 103.30581735942098 97.59279182772235 93.76017248002654 95.16828172611218 96.536606909525 95.29184150398942 97.83853326430136 101.86785589113879 102.81091240841243 100.6134300890347 95.02990496092792 87.15460355250673 88.26045721674092 88.78091611851755 87.12579262883366 87.35448410214639 90.94735391225174 91.0671898108813 88.2713235207354 89.10374080024837 88.61830271883014 90.5157923657489 93.68623856899 95.96068980068753 100.61575367943288 96.25445384919999 96.71901405417282 96.68834355764659 92.2432332501134 91.76446772570301
99.32668360780974 94.18959709686413 93.27099719096077 91.6855605613406 92.38932285842128 92.64858731542876 92.02727719786401 94.21116264522459 94.81623943844068 93.75300504364668 96.52523267416427 99.30326533925654 100.55887777551459 107.01427796850413 104.73378836778926 108.11181157008298 96.24327850344434 101.08683214276715 99.56546443856655 94.83635823958417 104.67813635991848 95.80590719558518 89.28926273137375 88.69026837535324 88.43646860387679 91.669754145034 94.98040627821223 95.86890881726652 91.51384776315496 91.12391363415804 96.69403552465332 94.49065109629856 91.51751997601406 95.55046164883879 91.58774837281578 89.56317233876933 97.08435364851994 96.72399605678106 99.44989965808867 95.39474694234781 96.11949833307432 96.88206724087547 92.73076729003611 90.69361844365716
97.28367561256215 93.75341144066914 92.98243401937839 92.00995318295179 92.31259178164368 92.69008830786083 94.46423721175893 93.9247378723399 95.98227988394405 96.1307650834782 104.42636930812495 105.12118455399127 105.54187924661312 110.13691123004782 104.12544740032195 101.65615899413228 95.93283785207353 92.96901245568421 92.39246177743621 90.46300755547526 92.10110943383387 87.43297156944755 87.73585437131402 95.24684029026093 95.9036804007145 95.40774928074575 97.29411773418985 98.61192237982794 91.62361437018001 91.66827665524227 99.44438543708105 92.03839698845314 91.3945153461504 95.69678434678707 93.85885700487387 88.50378783979164 95.27871469780735 96.47744058902128 97.68417174910877 94.84958103181509 94.47219106636675 96.06319359796089 92.8648842195754 91.5226323588094
94.32997628500362 93.65733191466711 93.08624295957992 92.60786978885119 92.14757032709366 92.89267360148409 92.67848940620593 93.0755316095865 92.20999837866412 96.32780624013691 110.60289960020287 109.97564258638943 100.05509260102355 100.01332890933617 88.81564812930213 87.26415440284791 89.24812328279404 91.61316995901791 93.82258951605297 91.14771275111167 87.84763097671373 85.85104891925806 87.01983706464108 91.68904535843382 93.96219600803573 97.3914992684808 100.25843619663618 97.97626901858342 93.72637476654324 91.61460520517232 99.21015234728458 92.17803755168757 92.3122258898365 101.19163603163514 93.85148663889584 89.26487349763784 92.57665203392139 94.7402709651044 97.13958289530251 94.37151730782563 93.63407772192551 95.10702682464932 94.57146066781627 92.52557312041881
