output/netrad_raster.asc
NCOLS 189
NROWS 177
XLLCORNER 690600.0
YLLCORNER 5139200.0
CELLSIZE 100.0
NODATA_VALUE -9999
[rows 76 to 94 of 177, columns 132 to 175 of 189]
117.97104493583186 102.48679930023832 98.31292478321126 97.48460513599628 99.41529401787864 90.4188886281832 84.20148415319693 104.86405001875704 96.58505754487214 89.11715450554891 107.23667520596342 103.88034062292849 123.13540270474613 121.10624820599423 111.0917916044026 105.33641257173508 122.02313848809746 149.7225075243113 138.58773239439756 129.03471254402348 127.03631067316638 123.7627882635175 129.09542609893367 132.14489210089516 127.48023156723605 129.89481373085403 132.7160400742037 123.9694868996823 129.13959901109962 123.11854072813202 125.15874294054953 116.55788750399938 111.95213663557757 109.34410101892564 111.7974615813618 111.6762716358894 127.50720321793193 113.39445696265767 109.9138349318385 108.04271542126321 108.00397103562102 106.80032135571673 107.38855273963622 112.38552922461315
116.40148003714194 109.54197428087821 107.34481788954974 113.27759369907767 111.14885214939602 118.18252226466393 93.97654756375704 90.55948720738286 117.27721775524788 108.29879873134774 108.39206380415379 109.00872189979219 113.84840852174966 115.09263908753701 110.6540606560257 111.59585905020037 122.89971808707821 131.92249545996953 132.154790097121 129.26075879399616 122.48389842216864 118.5505920054868 121.86095109593907 125.62765393724857 127.60450168435483 126.21325363702147 125.46840663803818 121.77959088428844 125.15085113565146 116.90458798100764 118.69463057908439 114.99710617002609 107.4526042821388 105.57623915740982 105.67749133383938 111.85923503137786 130.26045331298877 117.39596225830661 111.56629855740681 108.9777771932541 110.49864265218793 115.2162628774343 115.257748368801 114.65020727625875
128.83314565062898 120.84692439741798 113.9351989318692 114.07557323944911 111.49465570383995 118.25139928061617 111.25016276039156 80.81962714246208 124.24985463920058 121.0764476055806 119.22218778902737 109.26714133160192 111.99392739981738 111.79937430343853 109.73425248988457 112.38858975196905 120.51758503722112 128.80703582601268 126.21355370473822 125.40270757895854 118.5820674841882 122.73795800852474 123.75371044561058 124.8941951121111 125.51758725245486 124.82461175335584 123.45140422858987 123.74035614014934 124.5411770535747 122.11036532907156 114.64642039582418 117.14141945564057 106.77582848304434 105.08475852576231 104.91559025902711 108.17345505198028 119.52997803334716 125.78364069040305 114.65996368217355 110.59748867450924 112.37457596887208 118.36505587163634 113.86044201427603 112.30853543047817
139.14126592506113 123.36597137781797 112.54923898033167 109.80888627654224 112.42711869493655 111.80519899801538 117.64498226552712 83.42862301411753 120.78560188343766 141.0002814264613 120.12516485606761 114.11641580267457 106.88010419188697 110.87358111441165 112.59924351715898 110.09470771591185 115.80607205267506 131.91401782779366 130.33171243534832 121.30799883217367 116.01882275597046 119.46602513379992 127.61669139850102 126.46300566672454 124.04125249898567 125.20673099732221 124.37046604727703 123.11391297800799 121.63573342820712 127.35680546630743 117.55296887566669 112.04018542604439 107.93146660306968 105.5119299978976 105.76059683016831 105.46838409152201 114.2508998804928 117.46521411012759 114.82641990373952 112.85324161652892 112.97468010183093 112.86064757716537 112.54121073110815 110.99491941345661
140.4617120960799 122.6752092662893 116.13577855387774 106.95827231607927 106.76606690264748 104.03397891317235 109.7550385772401 96.61372839440935 92.54388002064354 122.10395132490555 127.07269907449535 120.71082489577208 113.31635232700728 106.44982005838176 114.68815976497626 117.95015681986786 114.93808055416184 130.67408973397966 115.89547561674806 117.0322326164636 112.22839224121566 116.50981538941386 122.05758993969573 133.55352213322772 129.3751470632139 120.69625746511446 124.51508634864194 126.51233558335605 125.93334788928206 128.24688470044885 127.60234245949584 117.18571596156335 110.4942645597771 107.59366434919383 106.95953337665082 107.78686523391974 115.39913397890479 115.16837589061038 112.53675902688906 112.21743298383927 112.1840695797672 112.99484458535704 112.44044957989001 111.70389728667635
92.03863570669137 117.9745948292711 104.5742148349338 108.85755738366447 104.85198359388812 104.86201034031507 103.7840598259748 112.78773991828115 80.62864241719609 103.14151145732131 113.80984327084423 129.5434226444031 125.00469922522842 110.92681088832381 115.50862531958336 120.97313069634617 124.86464137529907 116.22115205561607 116.04260584364835 113.12256000289227 113.03842197339964 111.7984574523258 111.52770283973433 123.72389384486763 125.86787686795662 120.03892668023383 123.91930904712211 124.20423975579178 123.20794086703779 125.54674001163477 127.40836222270849 119.24398239987971 116.81221397843865 111.44161578586716 111.23806024882009 114.63686529074585 117.57119392247819 116.24129977983807 113.3153115906 111.37720915848723 113.12878035328413 112.96781734828022 113.61093248809885 113.62863064985095
107.49086095241779 101.50091804477171 92.89678075343755 94.98231390228864 106.19688932781071 110.65117989422816 92.47253911346678 100.02080000675642 92.4266247395193 89.16026834532244 108.2858293538427 120.74126012711895 125.16778653205853 112.43522239835897 120.16149693419896 116.78857796079564 118.2012682203063 120.19404938030226 118.46126001762542 113.25474227325788 109.21391761893187 109.5096159895802 110.34134549951102 124.15201432726758 123.12176438706354 119.3854738167334 116.0389024834717 115.66082809041927 117.51164409104518 120.87937647665422 122.34656129589467 125.22263622163922 122.30373079361095 113.88277528339961 115.67415960097378 119.20231513455866 116.06615890324031 115.91006351346437 113.22578820061892 113.14637529767822 112.5936119172012 113.44341382819317 114.46215189177781 114.99881578030374
100.67239514338866 101.78094035587162 97.76058782298566 98.7574703335601 103.52200284295958 112.14639902170643 105.73987147331445 134.3366124701477 100.22374312801418 87.70761308799888 94.68769099026235 128.58733757559082 123.99460603558435 120.4873746791157 113.10174921059098 112.56788519464362 118.19047800430349 121.49294654519429 119.27805575482745 111.22615267983826 107.84489747257152 106.29906698518232 106.09721829259377 114.85947211076274 125.26942590668256 113.81028158342622 110.86008145257733 110.16524042170164 113.28249285596496 118.54729520899565 117.91954422861784 119.41824646929501 125.63507800838568 121.63799869864425 116.45300223411095 114.59396302509214 112.84188946514581 112.40631512360994 113.82784233727091 114.35265963760344 115.29106367442944 114.78002217442048 113.79774611821608 114.87107100142555
101.90275528565172 103.56826523069259 107.36531685153994 104.27832627067045 102.53080937944236 104.36553410298632 110.274194379 139.52693131122908 111.09288879389823 141.85128418825434 89.61701546644986 124.4918877522552 123.4963254899144 120.27864309899758 113.06725557941348 115.19059316682404 124.1929180641128 114.26795400721034 126.28246403120482 113.53306585584039 107.15389951153372 104.64158054855255 101.12758537879273 109.28261909792423 119.552148103494 110.32383853902223 107.21928165047149 105.78301250547526 107.12935147570283 109.38649516682335 110.51339461729697 111.64067776168383 115.21345353306418 120.11941498871806 116.13509078892258 113.44261796282274 113.10365586953623 112.48994377930148 114.26707383388361 114.68350512403362 117.04297488789757 115.95746780066224 116.52248485863356 117.43230507084547
99.5964318822052 101.35725779773361 95.78789507229192 100.96075051889324 99.74875849854692 103.79091708133245 125.17495087476783 134.8073902335567 110.84720667644103 128.99748725921762 125.17149982845757 96.9239706802581 119.73069276627359 108.92718242857694 116.31899659437045 124.51035357911996 123.1233142501431 109.16431117142957 120.14242816032038 119.55636700737978 108.98977287258225 101.99386134980233 99.93308052873954 111.0395382381302 119.58998173246971 106.66629277233022 104.77003260920077 106.28814622877235 104.59776200684377 104.73707775134915 105.09549035609803 105.43062270838209 108.10998792351887 115.49617230334178 118.89401971759207 112.73181811934609 112.96131713125834 114.31186903382934 116.04854061293622 113.89939263215581 117.44200350529673 114.81024843739766 113.70706228814083 112.81134455807722
102.93645026051314 99.7781497392674 95.41064795270262 96.93027792962295 98.31364019425195 106.46007277673789 124.60457620357403 148.50561923269726 115.546109628659 137.9000345303598 126.10906800733528 100.32081508667983 124.84205076783786 102.78383218829077 109.62177314392682 115.6832593247857 92.65682387529046 102.51547899180326 114.31505607204167 109.32424417074338 109.20506813722807 106.93524406238367 105.0305201524829 113.670265509194 117.23500290067028 107.37656076172016 105.33487027635226 106.3463356598844 104.13885558333072 103.49140282813084 104.08787313149702 105.17921132992046 109.6211934029381 117.45281777600542 121.30057443581757 113.9279053088382 116.16823543918457 113.35816784794889 115.65691555667644 112.11366189844517 112.76428259454298 112.76749074162376 112.0065638057593 114.81210620193019
111.48325244149555 111.09968615502441 113.24875162678671 112.63805216850551 107.43077493931162 102.56701933251082 132.42713322778155 154.63563635460605 115.48646667255628 144.1246779763706 132.83070583595963 122.2089794542934 132.4990673823781 107.9749764995995 131.88730090771878 117.21257541870284 93.65802907277049 114.51095792626523 99.642443800119 109.89673799902766 108.88695747475174 107.18095983094719 113.70218625911463 119.02747291941023 115.02513127580283 109.68686779444783 105.53273641336227 104.93125280614777 105.00199219124568 104.14527431707904 106.29952539816014 107.25832217905742 113.030180060041 115.703754725375 117.30761223808224 115.18349681242228 112.80078323372885 112.83829116876444 114.91495365225234 110.02456727022025 109.94824291303888 113.772746156837 113.95449842922375 116.59010122590985
112.00440418910898 115.43642225074257 125.62252765055814 145.03499493636582 145.15658245985304 99.67660634378598 124.26679095141549 153.18940711884107 128.23854740593185 130.65464473931468 140.79418153549875 124.13277242067363 124.3294663719227 109.15131526060912 127.40470714977567 127.18355801404266 96.44203884977975 135.17660891818485 105.32889509337508 120.41448569554069 125.00670897685262 113.67788256780545 116.37302355797328 113.81811180265333 115.49865640542191 108.57408506968369 105.16828742480664 104.30712297044232 106.63589661204458 104.6849281474386 106.77506838257358 108.4398665333938 111.12642574407437 113.95795203658429 117.68928299372499 118.25449086926193 112.26317974313446 114.98712314264787 112.88007786143561 106.59661762076757 106.47770673148568 112.2228116338951 112.01254769302523 115.6964934271993
86.52870877481831 87.81915297616155 115.8794360610097 133.65784572625898 152.08234727655008 106.70317063165106 120.38607258374594 145.80456041171954 128.5250631419321 124.26719979871825 128.11396775064907 123.95489014128947 124.16382469942704 122.91691861063828 131.7758769370127 128.7264063698916 92.81105237848902 120.51967615017526 111.15293247016456 119.90979945811472 112.98730508532839 111.7219879223992 110.93952206801487 107.51712073302133 108.44785361602715 107.41215338357335 104.52236599934895 105.20117345659253 105.49102144751106 104.72599613610458 105.72964926633063 108.62830741761309 111.80890543217669 114.1875395264446 117.61530435535957 118.21080686659684 113.79608094368149 112.90060192587822 110.79167013145229 107.90624114497695 108.42649421628613 111.97973508246827 112.07572696678915 114.06463054524426
140.8163472168011 97.40014714811929 126.48628793190579 136.04437230420086 152.80920097292045 125.29203118554773 132.8369516535273 140.7751031121823 127.19344682009154 123.57638640827173 122.80886289296092 121.07999071459676 119.53071756898288 130.06843718811058 130.20095869740146 140.06734430128262 110.36815040409095 110.35676416116343 127.25988402485376 113.81537628932688 111.8432608109535 108.81374699502186 107.1110199685856 109.17122035107957 105.13631016478456 105.391491066941 104.87094909739841 105.37420722782053 108.5168339600254 106.05956464589951 107.17825962416163 108.78132256460117 111.06178626627593 115.52465004982673 116.72523749703254 121.25213936138442 120.86461376490706 113.81076370890366 111.17700762598179 109.84865737112614 111.75074206004365 112.6173450440213 111.47802514551927 112.78103445142597
135.73951867203124 118.58003751974309 117.04036931151956 134.96458691786592 140.79142571702323 142.31535006145737 134.18057106640936 130.8771244614349 127.09528135119456 123.29958725791937 123.45023301853814 119.14932878107021 117.91454388987279 127.70374718056132 115.31185307088322 132.49162407298422 109.60838192405782 109.59945075237073 117.72831227693354 106.72550100864828 113.35886414740116 106.80757236940428 104.88753437572609 108.8321224593056 103.7199572386757 101.61081226796745 104.88772854165734 106.21886842978046 110.61101509004698 107.98391042570358 106.75198478539761 108.6484846741501 111.76374689988484 114.51709268432705 117.36453742682164 122.70201097205569 121.60596327734521 119.82655751727094 115.40103191704833 112.75541085199785 118.17677897005046 113.74804200153585 112.18288217746812 113.32531842162734
119.58713429233768 118.42144481107874 129.85784772029103 136.9297406296177 129.7719462920859 130.79685429082696 131.62459431153343 128.59042638168216 124.00804985585671 122.38652120189397 120.93708175363463 121.14592831082291 121.9410452666529 120.316029276633 115.05853576449817 121.00161379742423 105.86331089802957 111.908783662249 107.4154285077833 107.18665867708341 110.26164132042334 107.82294238225268 105.59198135945599 103.78346849622528 108.90453659186522 104.33616889235225 103.16666303706785 104.08608999527621 107.83565453994169 108.86262298845281 107.13679783095091 108.9904966484242 113.53487618738723 116.757665921176 118.42205570439859 120.39626412976878 123.32595647603893 121.57264028213035 108.88672395449777 109.00321777035515 113.12383554668918 113.85487079114063 113.37285577122583 112.77505562286245
115.24878713204163 148.31799913975698 136.1366492722442 132.6571872824709 125.97844937194776 126.84500617653674 124.78310229627255 123.74402628902908 125.17033311909927 119.99289911157558 119.82924849861735 120.1860214566234 119.2782641876326 121.00380497100554 132.24799974322747 119.25029335439666 112.51250980378074 109.88004579597856 109.01713960073522 114.65087466726703 114.56292120251749 106.95187709484429 103.59517428234602 103.36584302739163 103.89036079837268 104.41082553733338 103.5432851932008 105.12116388215787 109.68279720143448 108.47132639803237 108.65717060961396 107.86389424398334 114.9597660947947 118.81570966736803 119.93417383692719 121.82370333111663 124.59207268981493 116.9073075316445 105.41321975440405 104.71472761170543 107.9545227049972 111.64353765427433 114.60400324905834 115.4154847939912
107.50182284747979 134.96137119127906 125.05762853513329 119.66781190821388 120.92609069144731 119.36303295630353 117.26672967525059 117.80253058335842 118.81869771384714 119.78506898167649 118.62731654600253 118.54540079500987 117.6657172734981 122.47010243261934 119.4100291670216 126.66699425332195 127.81156187668574 118.49921499245232 116.37553829506629 118.57335974510505 110.08547115958942 105.16689714423791 103.18978388562624 102.72223810248579 102.86815289446139 103.47210578093006 103.12194211844826 104.8290498164194 106.05107772094794 105.94867624882198 108.40634335058871 110.1069901136214 113.8244334375853 114.75366560832754 119.36916748901831 124.65502407598217 127.11973761357206 119.2495222751881 112.55957415251976 109.91725319388092 109.05862955972378 111.10608826062321 115.64885909591533 116.56936469662179
