output/netrad_raster.asc
NCOLS 189
NROWS 177
XLLCORNER 690600.0
YLLCORNER 5139200.0
CELLSIZE 100.0
NODATA_VALUE -9999
[rows 0 to 18 of 177, columns 88 to 131 of 189]
-9999 -9999 -9999 -9999 -9999 -9999 -9999 -9999 -9999 -9999 -9999 -9999 -9999 -9999 -9999 -9999 -9999 -9999 -9999 -9999 -9999 -9999 -9999 -9999 -9999 -9999 -9999 -9999 -9999 -9999 -9999 -9999 -9999 -9999 -9999 -9999 -9999 -9999 -9999 -9999 -9999 -9999 -9999 -9999
0.0 0.0 0.0 0.0 0.0 0.0 0.0 0.0 0.0 0.0 0.0 0.0 0.0 0.0 0.0 0.0 0.0 0.0 0.0 0.0 0.0 0.0 0.0 0.0 0.0 0.0 0.0 0.0 0.0 0.0 0.0 0.0 0.0 0.0 0.0 0.0 0.0 0.0 0.0 0.0 0.0 0.0 0.0 0.0
93.65034208856503 97.10710638127148 95.48049874211296 95.79399309331757 94.23616659959322 94.02307882964749 96.9897420442764 95.67518101171646 93.29595729186951 92.33503709182787 92.82665461338865 91.45915446379274 91.12143595871066 90.883676081217 90.95196073195524 91.04536291051988 91.08112399248108 90.49172162845406 89.82872576314202 89.98629892306491 90.08384685085525 89.70119245370836 89.28180389066824 89.09856911472178 89.21728444637051 89.56831693073445 89.8438205200834 90.65009214943916 91.06806310926123 91.38035390783301 91.67917515624919 92.70023957350094 91.70767575230775 92.01279714801024 93.04231028540323 92.5343085319376 94.4204908606153 92.53725118953827 92.65772283999598 92.75094985075219 93.83508667960507 93.75115203650444 94.25432713792515 94.11942031881489
95.63955449226347 94.64257597112095 98.74049000417341 95.90184058501615 93.89838446860688 93.9344086782063 95.16948727525397 94.39876630171136 93.44029273276158 92.43990619629534 91.55109080883443 91.09005353485469 91.13725123783638 91.46120985138299 91.20675463673348 91.21307244559489 90.75303857460835 90.68935079577318 89.85605227199653 89.64362030168911 89.51949990234448 89.89472996365708 89.22496710607516 89.40196449539633 89.94277471500459 90.58110638379304 90.97430782011901 92.0115838679506 92.92959253917394 91.99586624176817 91.53855563595476 91.29831798549162 91.31260849219944 91.48236059465995 94.4101263144305 91.4878362500042 92.23946670988096 92.5379960149495 92.60706954231597 92.4445161874288 97.22150694144415 101.20550333411632 96.31475580340128 94.49784990957028
94.17180489387329 92.5772878132031 93.01702798080635 92.44034280601556 93.73145870276727 97.90049778271754 98.0564858669498 100.5346543836485 93.3714742573668 92.55835307033766 91.37771234451651 90.87208513336873 91.09877146504641 90.6050683949918 91.04254964290334 90.60606622382227 89.94077450913278 89.48946974327828 89.11233681780038 88.81093462638671 88.90043499878396 89.23373173824223 89.37398073101417 89.88851287160924 90.97181883439566 90.72550035526746 92.09193619172919 91.86644252646636 93.15794796526211 91.38182738582884 92.07549315419766 91.55053040514417 93.51963608784081 93.93779920392518 91.57774788512427 92.52324665773779 92.78213993244992 93.3747835552926 93.25103662007024 92.7683084015755 95.12788374954891 95.88336922870542 95.38694520594464 98.6146889810517
94.40419953630612 91.85380613726318 91.63888467420844 92.65491337585371 93.98227529560256 93.99129686453529 94.54183902133155 93.82358065917617 92.41821256110927 91.27170849240127 91.27033592000373 90.89291455958931 91.67252927600708 90.62812583762627 91.12510880821702 90.20326773713828 89.48698408926134 89.05831551024244 88.88888683553006 88.82791131461005 89.10508257070143 89.59539748574161 89.7821624590851 89.99779947912083 90.73491979870886 90.73893452902962 91.95183206702944 91.11248034423471 91.5892686729606 91.36733998867993 91.35657160380487 92.47006170594204 91.06933008024936 91.2498303270126 91.64582538773305 92.34412679353557 93.82512367604443 92.12952089247915 92.00047422788424 91.73406439983074 91.86723899329371 92.58252534084056 93.62335489913056 93.96009294860664
93.61078167012926 91.32168109090816 92.59179166629116 94.93900774419006 92.7024900087124 94.25531974311014 92.66386961874593 91.83361080362528 91.77086928235701 91.40251524835571 91.23433422995856 90.8115299177507 90.74782207838251 90.33529876624755 90.17120590585876 89.6586620753148 89.1356171973382 88.98960879803383 89.18054391994679 89.44021621659562 89.46794843033405 89.5604462476146 89.76919965411088 89.9191068862662 90.20740004269703 90.377448694534 90.6795035261569 90.45349603691125 90.30695454573873 90.68179582735036 91.59455759716502 90.99030865517182 91.64846088384456 90.92844815501303 91.70738778444138 91.92737603542656 91.82336447203602 91.85475886111931 92.3202303586288 91.9852722761957 93.30247042487747 92.73961733175031 93.40348316178307 93.22138353654793
90.95567719681151 91.40845523252824 92.50557928100682 90.79242897124044 90.33711788333034 90.92325184996241 91.39476749906021 91.24724350021108 91.21181045010314 91.25156906073204 91.23494944674161 90.67237469087894 91.26451941981833 90.51336765337862 89.9472577707482 89.41887984932686 89.05516230039967 89.22896920901456 89.4236078547732 89.51014355877783 89.42462037624767 89.7491817329178 90.15520237856475 91.18721447754808 89.85086574209191 89.94497360159477 90.05564447089068 90.55242233553605 91.67701482115535 90.4305632777585 93.18676506698671 90.53192271470914 91.02882922420736 90.53722650163303 90.67810635154024 91.69864558852606 92.53076927093463 91.88886261895664 91.53024907584614 91.52368425381763 92.08073542909437 92.71170431245451 93.56308251576911 93.77762570413455
90.95613298782479 90.78308906734412 91.08832168468211 91.09473315730258 90.71105992545512 90.56273174039057 90.72160454648662 90.99138567785366 90.8923961547485 90.85058489850411 90.61862648542501 90.29051426948871 90.69546053926308 90.0023114239018 89.52940633090037 88.9616932754077 88.98982432461474 89.3630504822122 89.50284084745266 89.60411010055327 89.7038814414741 89.55002128733531 89.85744163383089 89.76746955670723 90.02374516216543 89.88293351087708 89.81847207258346 90.05498616916464 93.08762375748358 90.69546799871387 92.93645704629597 90.64403751027072 90.8204184905859 90.59398802920697 90.4484913083217 90.16691746726462 90.3622940038702 90.56684856279657 91.02437171986224 91.90840579103173 92.1989472331179 92.14955489475744 92.24703727161898 92.64131617692806
92.87140411109965 91.81962461790152 91.74757626822208 91.54434035302836 91.14809634853924 90.76707072327451 90.6936070779056 90.91383115336697 90.68966197512594 90.59711457708738 90.72918390640405 90.44867168482102 90.48724482785997 89.8565841425472 89.4273240653219 88.93217927367965 89.1279825366575 89.67912697498559 89.76153662947019 89.54872914125889 89.53026806706447 89.419977715789 89.43816331162787 89.48854455518284 90.37940875198854 89.52549498872742 90.04689826881321 89.79394088093954 90.268642009411 89.95645987890043 92.6534476634298 90.03742914659495 89.95342793305764 89.99131744320283 90.01708300789704 90.11498837389132 90.5772071800281 90.5677846658275 91.19539420708702 92.08579308232459 91.9532688187387 93.0790951896036 93.55448644398768 94.54701532401668
96.5952147327344 92.21980414044094 92.7932870989597 92.9886446537405 92.7130464894791 91.46254354170975 90.79675092198283 90.63143926339262 90.28564364502165 90.0239518392824 90.30016341494945 89.97104723014712 89.61758514098233 89.36959202684136 89.52296804237449 89.59702846793755 89.02002864675177 89.61991415986068 89.78820618255696 89.70285918178763 89.50930170401995 89.51699463059464 89.32507063027316 89.26816147273263 89.4268250120573 89.52543103052784 89.50155137421433 89.2742719102614 90.16307169961692 89.72042580311484 92.07154762870664 89.65729778394842 89.78813711990313 91.70451456448598 91.12639956154987 92.21150829585247 91.63701409041516 91.6916126746313 91.92598780613787 93.54859622119437 91.78919315642861 92.4323162772717 92.69207792234994 93.30304603678053
104.87656325180956 93.03962083703868 95.08090374462063 96.30237175888522 95.23357826605081 93.56923932302982 92.62886073575123 92.1380532675052 91.62112092468311 91.17397536459072 90.93130646864086 90.11443166358083 89.95136130042698 89.94329374033606 89.94643257494226 90.45774891412873 89.65988234526708 89.36240919426132 89.88329576908575 89.74328061769256 89.81452289431917 89.67950290039403 89.55488785877594 89.303073290192 89.32697304893458 89.13097991164608 89.24497180666185 89.32245519551924 89.27193435816173 89.55816512139819 89.77789350238572 90.22118578394748 90.29701447385293 90.11501616409333 90.60183914206317 91.51941749712233 91.55663814232912 91.15652088211948 91.84295808030669 92.49695724809249 92.39063432407471 93.55445031360091 93.99455692744317 97.3356406470549
111.616314646035 95.45232077631954 96.90630723401415 100.88751407032322 96.83246669199798 95.75829504304221 95.34594401179879 95.44971962807335 94.1283427679814 92.30462568033676 91.7982916410632 91.54542378986486 91.37148757860024 92.71318127239488 91.40500747705744 90.8246230414531 90.55323065185598 90.16482917406591 90.28509428488724 90.02100453048297 89.95638517565425 89.91962923963388 89.51596141670854 89.39415479345234 89.30480887957816 89.34036814890095 89.39138346289053 89.3906410471676 89.27095756914349 89.29871866126786 89.3135998973176 89.14659262192737 89.16222402442872 89.19365175166757 89.34084245925652 89.89571452348002 90.90679889372763 91.13539712834068 91.96549661877674 93.59208828151685 94.13084086090333 93.98819260048282 94.48516594757626 100.01676486647204
110.6826919079848 98.34129714966667 99.36819816433803 100.59329575396333 97.38619177016955 97.2813846329646 97.17445214591726 97.10180026471306 97.87853805914591 93.2398501206248 92.41363228767068 93.149404830805 92.5615304196711 92.20851340981119 91.61652476442492 91.19590966283454 91.05939176897488 91.53910030392018 90.26363526948137 90.23901279259809 90.0879509374031 89.95092927894137 89.81276411202157 89.59911917929583 89.53128603502165 89.5469168870215 89.40387188253919 89.69147698529247 89.54302967600813 89.57186975558369 89.18666990723585 89.26614678520673 89.36196852806052 89.78775610746055 90.16047869540807 90.2496270406914 91.81546919598878 96.9436387987057 93.40191352379321 96.73630108884203 101.20187371016237 94.58257689340076 95.18406601856248 94.37997368398294
108.95218410106105 102.68743958517513 100.73616437461283 98.63260791803066 95.4500610347892 96.868563895335 96.76854581139065 96.8322842486835 95.59452170225728 93.82885344321613 94.12420139727527 94.30716004794255 93.16937720603727 92.13289231093995 92.02704058614461 91.75090384829912 93.19277476730724 90.98308346983669 90.61647787955701 90.63266793877654 90.62474470980646 90.40070558783515 89.86980339876726 89.84419801038939 89.94364968501787 89.63457635571228 89.94542811108778 90.26824662602195 90.24622591326954 91.05856955378641 89.4944736816264 90.02591245203644 89.89980012791955 89.72834499644631 90.2419110661877 90.97309738654383 93.78663795166665 93.15395724308883 94.09827679774418 94.69713045229742 92.84819324974552 93.32570743548064 94.64561475222797 94.12737865275164
110.73529351504516 105.0765705174635 100.57633919634185 97.4179940329334 96.67261116707544 96.61959109817792 95.81629867938454 96.63954368901568 97.41869945987219 93.76184285161281 94.46803701367025 94.21423270922344 93.3265304711926 92.71612624300286 93.25013368577646 93.37130261520747 93.20324569055543 92.0578066014092 90.94573222956234 90.72640303596302 90.9910529774989 91.04857830462731 90.53957612311092 90.0455975686379 90.16186540407625 90.2955734759231 90.53715011486969 90.12567973488086 90.83458619374687 90.94662997437928 89.29714481839665 89.58593776752275 90.27935131767714 90.28557675097903 90.1957511070101 91.11317788233225 93.98491438389107 94.10530323904811 95.93866327680138 93.170866565452 93.24672030418407 93.35133582869656 94.57166660069583 93.26755157539623
122.44893663209967 114.60424530102966 102.7402796035679 97.24172885078548 96.97516742349734 97.08067982001876 96.59985140815729 97.49816251720586 96.33016783407152 94.95343955747614 94.43368332419419 93.78652702479553 94.0363977350753 93.30408902200486 96.96314646722607 95.0481282840999 95.19765944382931 93.87723037434739 92.24188366981554 91.50731662292526 91.63940482916098 91.76455176045374 92.28799140610096 91.34402483216445 90.7041501681233 90.5706724441834 92.54696158029083 95.3739826614559 93.2678456866517 91.73483829641663 89.11295761143202 89.2785430572639 89.77028450737873 90.24413960387938 90.58946439255084 92.22285908885965 94.58362177566067 99.62525758456513 94.5293573417299 92.38757709696159 93.53568042395528 94.67176280070811 96.11950901628995 97.30482307725828
108.06701214133369 103.00010349610983 98.99535147353845 97.66176462098349 99.43121101555289 98.28982969151542 97.00174947999733 96.55031552150854 97.17768305173854 95.64390932576157 95.53749001243426 94.9978203451131 94.30467724837467 97.90120644890152 93.50173474908217 92.53987678951216 92.26354385077406 92.48533431806715 92.38116104454616 91.70209863512798 92.05357097077513 92.45820996556233 92.94385059382722 93.21550937776396 93.14735285005742 92.65346242887455 91.16629525852795 91.95002912859508 92.10013399500957 93.47837701055886 89.03512606869077 89.90601313265216 90.52060382551258 90.63720455473907 91.90827103096171 94.08277795612281 94.78405945968552 96.54671462265497 92.590420270896 93.09763506782502 92.87941674326066 97.28431017714047 96.98875590715272 98.04360952483239
104.10544273643359 103.33518120160875 102.58265955155531 101.81446315761661 101.71152709435108 99.86020538811687 98.09328427328916 98.21728296608319 97.19913655079199 96.43746985132657 97.0849500694419 96.94221163448105 97.63326366163983 95.42853016554875 95.86050451138118 94.42574364016355 93.65768473412925 92.30417260175375 91.62406587933276 91.61341325801442 92.1660032313984 92.42998862934081 93.2484418920381 94.90577337281968 94.6134563444204 94.5890288302561 90.50464064855407 88.2829731474933 87.60777708449399 90.18066517247598 89.58384291208756 89.48131748595819 91.2604415057113 92.16164868249655 95.28818347487316 95.92883362127844 95.1730308735111 93.52091129848111 92.62310405859245 92.26959529951034 93.06788219161734 95.08625595479947 92.59984882413914 93.41369638807083
