output/netRadiationRaster.asc
NCOLS 189
NROWS 177
XLLCORNER 690600.0
YLLCORNER 5139200.0
CELLSIZE 100.0
NODATA_VALUE -9999
[rows 60 to 79 of 177, columns 90 to 134 of 189]
144.25812674410724 305.3549948964929 347.2344868138185 325.51015049532947 279.8678054006818 249.71897613179863 115.884173728615 11.333469118031985 229.27901190236975 221.2806084476876 225.88473023793733 209.91146154203682 227.3341078944385 312.83327420849264 361.311394454953 393.66365339321186 257.1322462112797 0.0 0.0 362.74128908289947 401.0168653043873 410.842723151788 390.05466190026874 309.20712779104207 0.0 0.0 160.82671316040785 0.0 0.0 0.0 0.0 304.31237145408704 153.99574218642164 396.2365022408984 256.7603909168443 323.02202664717146 137.2322791623743 0.0 0.0 246.91263816900317 259.1044832138529 248.71558639891373 180.03829359552037 189.73374598127236 193.8666377175436
165.8296670157049 208.00556631456476 276.9696491507335 301.41586182488476 277.5101733427056 321.0576041584769 210.52974476371907 49.80654438156 200.0611187486345 248.3497012715854 246.5892825389937 199.9606353615019 133.8953126741468 268.40303431731587 339.9914003108493 399.5096607571091 356.4376398276879 0.0 0.0 0.0 356.25708630012156 396.354139643052 386.46368378099925 391.36888533664865 29.51368713945027 217.3193500789128 105.73698945808803 0.0 0.0 0.0 331.44608327346464 360.6285102253398 40.44110487585539 177.19338151132206 240.09461040542016 315.1362121989875 136.1654933559205 64.58045765217287 0.0 249.2513457488069 245.64694880976708 251.56189889268217 276.0065346284896 278.22869331387716 271.3687470493391
151.4791819245482 159.44181154838742 277.2981628534415 284.82022259503606 243.04713298709441 312.9988112497428 325.10877174337406 69.32999967080434 186.34478291300962 286.0970533557602 203.31179239231216 160.29705758901798 0.0 34.32124580461499 0.0 0.0 348.3931013241601 340.99318487587124 2.5708031138993306 0.0 0.0 408.22485323114176 321.09200069856064 370.7584884629782 326.78135621689796 367.147690541141 0.0 0.0 0.0 0.0 0.0 395.17048801315997 178.32857865001 48.62145454849565 205.0075234523527 282.07220742230874 82.72929304490003 145.47183299079137 182.28056081788242 234.30181995749052 265.0664070082371 247.012668078241 141.36593399954302 168.23965681337648 256.95434949139513
193.44126688515075 66.74440193655334 234.31779801874768 254.1908220854566 223.67484021393136 295.62456891082354 338.0513788521884 202.1257269128921 184.13822298804592 299.25219563636966 301.1558855097605 352.16662484168944 0.0 0.0 0.0 0.0 0.0 384.50643082243914 383.0660461617 16.06509494924677 0.0 0.0 0.0 404.83314733247636 384.32520755409774 396.1671527056571 81.2723973767732 0.0 0.0 0.0 0.0 417.51315526898554 391.58101173456265 116.67811628000868 91.4662346400965 91.63499259360026 133.93614390015154 202.39895450612607 216.0332000276216 255.71862001344675 287.4979872374712 323.60888717031094 157.85716440767834 92.16234422108636 97.27313142496536
231.3133205711635 49.352938398019035 254.2603532656887 217.0236856370775 214.24640843241593 239.43371555008412 313.5357075962045 252.86848992358375 245.62233938475174 213.94797470604345 396.9101382873356 374.2883450752111 333.62063452009943 0.0 0.0 0.0 245.44434783191917 367.43995391430326 400.2280255234378 372.5150566712473 385.4124739045425 62.23647236003285 0.0 190.50466226734318 232.10552830669536 389.486823115003 416.66015843731265 0.0 0.0 0.0 0.0 142.43624026807493 74.06277963009404 170.12084658652464 94.15603924609724 0.0 0.0 219.9087830577409 219.47866967619592 293.3519194509359 326.4964430679024 325.3779068953085 225.80438486329757 210.51946354809405 83.77043766359986
200.95686551070122 275.1266467008104 291.76046152898135 180.66554294537252 238.7706110605268 230.02245319467954 230.38100787610017 142.9165095878892 255.82688482090384 205.7230093054323 105.94619291351125 196.18487715887278 265.0933653886385 401.70131435855 0.0 0.0 0.0 0.0 381.2030387916958 390.27188682599615 352.2791721695863 360.1834722993406 183.43242961156352 0.0 260.5659929503656 198.10574651641554 298.6763414797794 64.48529590367383 13.040904890468653 0.0 387.2450896542325 389.40060615052374 4.312649685820588 0.0 0.0 0.0 0.0 0.0 227.91461267201925 293.7220118596242 337.5916950524157 315.5494189433134 197.06126932156258 227.37958830119538 161.96738107129994
236.06522776190207 337.99297041642427 283.6158385084661 319.35712956008376 321.383224930314 329.50073399518294 384.3032167279094 359.0881518579766 313.0704162012502 248.7935694649874 279.1492069830098 235.40672257365725 76.1322502267978 201.70242516587405 32.083144750189604 0.0 0.0 215.88051248228345 248.66681855184862 363.1771452751176 372.81198723657064 343.4039461450401 273.8358989285237 306.69669843101224 345.05517937666406 375.56199777425 290.20941066745064 0.0 0.0 310.9226852362692 386.8088836577491 408.4553604916108 372.70904734480894 0.0 0.0 0.0 0.0 0.0 0.0 285.97785508321994 345.493149611842 288.414187497275 134.21865938650785 185.49833378092904 133.39754028128164
345.10103499264966 320.6624999936896 284.87984235092654 334.0237447429815 307.00029298557536 315.2646311633071 325.9292561750661 385.693056396618 372.68123562605336 291.101367697625 282.2478336066332 402.31285558996433 293.0761164425831 83.17335626899751 0.0 0.0 0.0 0.0 0.0 251.71522254728592 269.0227146381438 296.89831839194215 297.59169150893985 391.3425054585306 398.6199236115811 375.65743148912696 254.12008059972203 78.81818312684527 0.0 338.31058464491093 411.59800911903386 415.99201367374457 423.3353037371673 53.49367234795221 0.0 0.0 0.0 0.0 157.77568723058653 205.26739466284948 350.74512326736823 290.62734103399754 81.75110015043822 124.08386296026742 68.81468619437061
331.17816356218026 289.45513421464926 307.696350045454 348.35205279076104 353.23191327323224 377.10364725339605 358.8500492727661 365.7962678481844 314.00713243038246 337.77960604883407 342.8321712229463 363.0405412401513 280.0782990048121 312.73983865105095 341.5389888830107 0.0 0.0 0.0 0.0 0.0 232.82440512816027 251.32959461813516 231.83073860565497 281.7687946408338 329.25526112415974 253.69807682492603 144.3861683512988 195.26223110637403 231.7064789238467 342.0617591363724 403.58968783347837 401.92206092442143 415.54790346310216 160.20794584512709 0.0 0.0 0.0 97.37095522871442 58.04851660786187 0.0 156.55014159013194 286.7241064248669 143.11795825314192 105.48647699040868 0.0
305.2067389863773 333.9660258051474 351.7609466045982 353.0413742473907 341.3711927280951 365.84696846199 323.09388712095307 347.46432904554354 361.51275992270564 282.8801625453364 339.3763663355571 360.27053410867615 409.0446427149807 407.0829297406201 333.8040328086885 254.2829330537989 0.0 0.0 0.0 0.0 248.0813936578749 249.4700313442096 176.46295917579056 127.65745922260953 33.187951310550545 158.21642481670307 196.59033470677127 264.22161828057955 300.969474571041 354.19057594853103 384.2695670174654 412.82172569221194 410.45096598037935 57.37935237563204 0.0 0.0 324.39571711694225 250.4546482695381 84.35853895158863 0.0 26.90493348036142 197.85462139466892 229.7396927422842 200.54370038986792 0.0
340.1537467846654 368.70988472524186 364.7677567131337 365.2104747825073 332.5156968868252 294.5427525507467 283.3404966352079 331.4690850447588 311.0347285803601 253.37339887796298 391.8753198741083 378.19895447570514 370.4079234613683 335.74630650378145 318.1438896082179 289.95129026763954 268.417348329488 12.07176655922757 296.8660865371921 54.1369147520432 257.1238920679781 374.54323484337493 309.05500048409345 98.30010649425463 1.5398450695179235 0.0 265.8811383487059 294.1093337870812 351.9090497937919 364.2152764111488 351.0176026731455 351.71264954133824 405.2760449634602 143.5880791759988 0.0 274.6027646662117 357.7181392436634 320.0596711256737 222.4570702070667 56.604550463905014 67.52895095247612 181.40760564109996 211.2853624992415 326.62499043414624 170.18721474346518
354.01406359697927 357.84471684656563 344.8674168485613 333.6011578500817 309.2762157765002 283.40950490844625 281.9420061846245 315.7182367270649 359.0509468449193 366.0281464311567 388.37765104835165 370.5826731333804 367.90898799299225 334.4958312464695 302.424658687304 266.1343540600318 365.8876802241255 314.318615730776 409.44929938740336 149.71093140950825 168.89089456788008 276.10307755564764 196.15654216825726 102.30267622812369 121.40915056580724 185.73170436656937 252.81884250248896 335.7846306646123 365.2388648536595 410.0283258346291 379.77874046753726 349.47996724211146 293.5047783806032 386.90902559945 347.73592891778065 265.4184398743542 308.19922207931444 245.30154626028872 242.7552646243946 152.60576939450215 63.38359195589703 208.2934380054764 125.28327882828637 306.3590318310187 381.0592095899776
325.7493751310133 341.00389553572586 342.8429117954534 323.5939621212036 291.88789663076324 283.3646576575416 335.3869908700164 360.61546741066974 355.44229121085317 380.9917684295924 353.7938031052507 333.44332186651576 343.81873105831926 359.2762330539077 345.7451572359125 336.67303895199376 359.760093421331 342.83330813407787 396.34922766880044 346.4588829764099 89.1706078500792 119.34044923061043 169.09852153329064 138.60580378422827 148.25753423172307 214.9390326539749 278.35512680160286 347.1928344196953 363.6860715247809 408.40902097562906 400.3781372869288 321.2048913033699 250.33717792655762 361.0810149325884 403.43486287221594 267.37304654782406 73.61977241162049 166.66608116508735 208.9125364573822 256.7586598991859 122.61963364787584 145.37082610989825 112.38772479786519 317.3985164324238 404.2892333228347
296.4077222444006 342.2059659334667 348.63102764775806 295.9097726435818 349.8595343666185 316.79281713150635 342.78420610065524 369.53748612783295 352.4009906176931 358.6287197646194 314.7432213019495 318.5341561248057 338.5776334897125 379.72385546491546 358.470601198906 370.94748275993106 366.0039955038552 322.52937138406764 405.2384564711246 410.8049355373341 156.2248423046952 0.0 0.0 116.05826610408292 176.3838225878207 199.58673426285253 317.3496536802584 355.98167655910254 363.5628951692951 381.69956313802226 395.09855066304334 387.51602193170595 365.3986757667611 293.61651410747373 340.56353895791995 380.40581482771586 205.6949742186348 11.522835451549724 19.24635508311775 0.0 163.9069368643361 132.18397275150903 212.0588933561637 324.5777607324012 401.4081709100983
145.16364899427953 215.43715511590113 295.75046539633365 308.2519523010115 358.4000484745897 343.2350612110342 337.7679932197767 349.7774849660141 351.18637471703954 314.75690809178366 313.7147909136901 324.25526272280206 344.01475495850974 335.82971359393633 377.50231255962973 382.6202135990124 380.8087353339425 379.41845167553197 361.80713511076675 404.5527537058218 316.94140900464436 0.0 0.0 77.61117296450931 249.69375703443347 137.40070614756848 322.0104658570134 373.3082343487465 392.8273763779457 372.9886726671029 358.1904368537519 399.6929853511612 386.7553130855214 334.37228313867865 132.61500339761483 367.9047447097094 367.4805192932349 192.38792085802936 0.0 0.0 0.0 187.60187813545934 296.9046686857009 344.27225708402403 395.35120251505913
204.8781137001339 153.36732284715356 157.3290273713285 244.4297834991682 349.0176592671869 346.99576074445173 310.36522582816156 315.1089002200763 332.422399936265 319.7060372202558 317.83838140772434 302.95445737761275 361.601964929894 330.38973768247985 374.36269836747186 348.31089723806065 334.14251691284034 331.05520116338664 367.2241503429367 412.35261483073856 400.30373776265753 32.440541534421925 0.0 0.0 217.83943099816526 181.14170197541569 332.7371722838919 365.2830703260736 385.6195889117122 380.3256553004018 344.823386204306 385.0243496273991 411.365822587474 267.34508868595105 25.213354395533884 295.71573758770916 392.1135182633381 370.47266398859244 160.9527838836845 0.0 0.0 0.0 336.61682229782025 350.60417177412165 345.20996392834263
292.647866469737 232.3009979384329 151.33203852864017 125.23762746373774 248.37667489863583 308.4487942000059 326.16246979376024 298.7934748136198 297.80946518483154 318.2473904960807 296.3721366333001 277.1769260120474 272.93305433366805 323.1526928214799 304.0956764890936 374.5793891406625 362.8324526396262 382.88648254042823 409.0886283175853 411.45691875289356 410.74529897054595 68.55124259630827 0.0 0.0 0.0 196.57217534697526 359.86646593745445 342.9436043096344 375.1208226334351 382.68289130212116 374.9123055162903 320.33346768754524 398.6957752443268 306.00351111713735 0.0 0.0 385.313528717342 389.46842730577725 370.5967812383525 0.0 0.0 0.0 0.0 311.62271063524963 243.16269882170917
266.50775502682114 302.77886933616986 208.7789345588081 162.27708191796756 166.65454868815863 195.72517143541324 269.81538439707845 310.0617260630822 303.1074957458555 344.51548850813145 315.4030098412871 313.0437858848463 300.89973066276514 318.4949400648749 316.8979391488429 336.93674262390914 344.7081597439104 361.6327889367013 403.2058351708667 407.4548688682927 411.4893906910877 83.54166954407162 0.0 0.0 184.27154398099458 181.07473093448505 391.3841120698269 351.11923605263183 356.8410467068159 380.92864485122396 396.3643863023977 342.6897730105049 376.06105248604007 330.2793223708524 0.0 0.0 0.0 344.21497698000945 353.62624261447615 232.2181040057448 0.0 0.0 0.0 0.0 235.5711332098524
314.62873396197966 322.583239492154 295.8540415219385 260.92916335769644 208.49655127163186 156.82391240036645 150.22296431759884 269.54044654787884 291.0037045884772 351.47983089665485 354.87752758515836 331.4100945420604 301.4301103478691 304.1500529083948 324.9088391057294 339.5916123788828 349.49912626474645 359.35619535457 385.95747315667626 402.47150998019185 412.12340386370613 252.71893681535568 0.0 0.0 155.56092494043452 274.9110047495627 377.2202416234664 374.3587428489588 377.1251791015262 388.18937964451715 391.55298348284174 374.0726081397035 370.1475914149718 360.43992560130306 0.0 0.0 0.0 272.65485133810677 352.0352666057358 348.7808891503429 123.89611098755154 0.0 0.0 0.0 0.0
349.63971435053804 332.5128783978644 329.4402746529548 303.83249783336447 294.1328535339376 248.61419694519924 114.82590862475496 194.20855703027945 277.1615106655102 302.8919361303411 317.4498128619441 329.6322342311802 309.6067487801992 266.0939738592822 282.2577860951467 311.73807022898404 311.51353628497316 321.094817798045 356.5030399446799 353.8446195948169 290.9029581190582 71.9184749808689 0.0 0.0 0.0 377.5709218961465 341.4875120260681 373.78264567021904 396.95695432738927 383.2300423990499 405.7191170895076 403.17181317580895 388.20802285917466 394.61515982089304 0.0 0.0 0.0 154.5927774216368 331.01764874481785 361.4461436436687 407.5021515395971 0.0 0.0 0.0 0.0
