output/netRadiationRaster.asc
NCOLS 189
NROWS 177
XLLCORNER 690600.0
YLLCORNER 5139200.0
CELLSIZE 100.0
NODATA_VALUE -9999
[rows 100 to 119 of 177, columns 45 to 89 of 189]
103.09105808891394 193.9247513018206 325.73248384873483 330.7325221282261 222.8456128726125 197.13092992337516 160.8299411045548 215.12864921616648 205.37920482049356 214.46698796912324 286.62042351478476 264.625658974232 305.47051414092203 299.1622107412017 315.12389826996025 285.1866429710096 184.03769417822895 136.94315721333192 142.8936853791049 173.12857462166062 247.05413630168454 304.0227644011248 286.63935578478544 222.2583875366596 244.3516463136013 234.487805229733 146.2382395723502 297.78199719840103 254.4112485297411 285.11224290490503 275.0808561596557 276.6617650377118 292.90008327021525 277.005228769483 300.8958787784494 269.17637276720234 277.350311478007 282.42171824577355 275.812609775152 239.50680056309454 254.63279686396567 322.7486987183444 315.0903701217874 324.90373109966083 319.70516875059326
65.49529696699699 122.52224146707994 324.9631695280904 310.05562644770976 210.1103061819852 252.79272886214335 140.3122317404002 211.97575301869392 203.4579885148404 258.1894614482218 277.43811583647164 274.8792940806572 314.8565402854011 306.3143337147906 302.1454731423913 293.1316504793976 181.47461596432487 170.70423016487717 103.08088771028741 98.26688517466351 317.2985095231509 315.22513598907165 232.27868093294046 171.33162622146392 228.52201316639935 241.09559056295802 257.8204355947852 242.91458014230795 244.2854370975615 278.3360012014366 226.07545637215293 199.53063793871638 209.1447146116576 275.9316337493444 314.1464736404695 296.82674044596666 293.7678842691555 288.11537013757993 295.3103012067228 297.27400376912664 240.1730317732268 245.5526520262889 268.34985934273317 309.70877241290134 316.91221809022346
88.39546831000308 58.08488105688559 265.9207103638138 289.1886587904573 210.12140215561874 273.20181372998024 182.22863399676885 200.47743422687557 273.0058763603143 298.6807858054416 254.80169901218505 266.19944478052116 304.1019362115957 316.9634103668052 294.721771356634 280.3688551168329 163.1520913533705 151.99657983432564 157.39428053074187 59.45782237975328 344.20118558090576 299.1353751531811 204.29633380978953 161.0023887685786 276.71480468558275 244.80794242327568 258.1183554405818 224.0150957362382 210.44291374092154 290.9977877796498 292.8900619942364 234.15290709266208 206.41141796366082 216.20891656945486 277.4324543411725 298.7910662452547 295.62460728163023 299.04419951731313 299.8653464498206 309.9347997150734 304.80127881954303 266.76606126408916 249.06827657065867 268.91140604107056 299.3372057833456
115.58995348565747 79.32636945383331 140.2736981363961 258.5268888727202 216.4229428988611 262.0187143658891 261.62609946729464 249.9907112850123 275.0706496171777 293.7993758852371 267.63994336991294 241.10665502939224 265.4531132596447 291.7098651761194 272.76820071783766 222.76607821150293 140.80671626309464 113.91798892006835 175.08128605456852 93.8108043769613 301.6063186783874 271.5644265638434 224.81881558534172 249.30258045556803 306.0258719629546 307.5082489658336 300.5303647178014 288.03969369206396 252.93702357117104 244.3711863345069 298.6606715253502 256.70019610372447 229.70788808004488 212.4337934802728 231.14304335657096 257.6334994392138 294.8722814290349 310.06336525674857 319.3005897227032 321.22293061318686 301.8831686935965 286.75403036314634 274.2959503713207 259.2675375011521 241.5933835271838
108.50859179599598 65.35661963265369 79.93506654876995 267.8263981883532 260.73038573090315 225.8502491445306 235.30037360290657 268.53290558944485 242.47606313107804 252.4394722220087 297.85728522094604 263.68302023023415 239.1576316891933 257.8015877775937 240.93335581249067 211.15886271199514 98.52521860400856 76.50670007491101 105.01536573899102 202.65636899139696 265.9001611255505 252.2815973066161 232.61982532122505 260.3886242365574 254.71813199557886 260.81642907376573 261.138673680028 248.41243254084497 252.3691507314179 238.00883185219885 268.25513092745416 261.8247433323638 259.01018842598893 228.87885406623633 191.18842253903955 275.60662106294944 286.59678531791207 304.5380201352617 339.0873248251001 342.078637484179 323.85812955314276 304.4006672956927 292.5702506943582 286.08253806272364 274.90777998811615
78.25713549665056 82.12176401236911 47.967762637852445 334.2912098882576 288.1648560918472 239.36753130918083 193.47323408371892 210.994546305698 234.15670394556224 201.88214261090474 265.51815394244903 262.92681085168556 250.84333212170804 244.24344747761222 211.62398306582674 237.01242201154776 193.67284277577403 93.48164465409576 0.0 281.3200433004973 301.49819723413094 227.94962831897118 222.39616724559068 246.50150029971496 241.7825908539083 246.91283250914296 273.6633796039812 276.72547155509136 269.22763804919305 261.6738518756347 266.11753157884283 259.3404779875645 236.49693461230947 235.73144353001135 193.61086240415727 312.7183700662186 302.2217859865646 276.73449983847354 317.48039971727064 342.3341267069866 333.35818123763687 326.1431461098895 314.8797328827081 309.8971182615131 324.2948367970252
27.541786178980374 65.2809792174375 61.709929043772206 359.45808823979075 350.3059599412039 315.8671661587597 251.84066304240804 164.5131045353454 228.67543004232465 278.4199800965851 211.39937312864657 175.780097223744 207.80910236663658 235.09170304504386 213.4818000053391 279.1789928275691 255.25014574625703 156.51965669543625 51.73894502731059 269.0608368540475 353.30965747153357 328.8524233967354 264.04287590670293 274.62974557893995 295.97635679633106 274.0618760826466 271.79400801072825 281.29536719880826 277.8061957012482 281.69833012886374 267.4329133913898 235.44765394395688 167.96499104509542 252.71756631351798 278.3666358233821 296.15253217082045 319.96367544271004 314.74477289136223 311.01775688731766 300.6880223565718 310.6808106666818 326.9391609823756 315.15518388937227 307.2073927155569 294.02826065433067
53.1999189410019 20.79693792443402 94.08046773429527 360.2175379590621 361.66692836156676 349.1869342070531 308.77550470490934 118.42061510438037 141.3011316558946 273.416028444085 187.78251555877222 132.89536530522304 220.7777334389495 232.05185202527457 208.54764625853068 284.935149082051 222.62119168497003 178.9674351874242 144.7152852354791 279.34437872576115 355.1279360033339 313.23714358116536 237.32383648222645 234.15980292177693 299.13788615151105 293.9314881487228 313.0012088252631 289.4789209854523 271.1462254759093 279.92897626629474 243.71108848325713 192.19800985438104 194.9839799879333 286.52658207964043 301.04917061764786 291.84756284541385 276.3830670020801 275.49867393298285 318.1179849652107 299.54146564110795 293.35528055387596 308.06808095786045 297.3091914746481 275.52824438065136 217.54415642661934
99.69930741369654 10.937719419188795 51.47161946016007 356.41230467957854 351.9896921385886 352.62371734628863 289.93313338596016 69.37281891514925 128.17922207783545 265.05349246679344 205.67970394607562 120.75388730184847 225.7672689845429 235.70406012907677 219.040732733252 262.4613160375713 211.72063620486568 218.9698910379076 262.30433494067626 298.30399639576626 310.45681533431093 253.33539308248436 240.14865724874124 262.6147708826878 319.3839443167173 330.4223202407245 345.1205628451067 314.3664464433374 263.3054723838529 238.91766296208095 197.5015892041016 210.61263897066027 273.0803470606835 296.65411065057674 273.4766099149106 299.95190456953003 318.16090777259626 292.85377632794626 312.91613558867107 314.2917110521534 312.0490022493366 299.716801779689 270.71649162621236 199.31577764831098 175.49377393613315
247.3711044091504 18.566847214305938 0.0 341.0388312824791 351.09861541148723 354.58563770647356 226.90911998783764 73.83977649577781 147.10444365316346 249.49442025316228 194.9793013946341 162.59022691044146 220.84554928956356 242.93988896597256 233.349155706236 249.2893947943 282.64662241651814 230.26972196425083 270.1461201453866 276.8457417870591 276.2766403511592 243.94050761322683 256.81621735524914 232.61965403369715 264.6391105585645 346.19148847602145 351.20069683909685 323.30942157389444 231.35705155049646 190.68168543903158 247.9131525812653 269.0279645646526 294.9672457462794 298.8288289551339 288.647694523184 292.2132007696678 322.9562789603938 322.0541916714563 322.6388840001873 319.88004147663474 326.39173396297497 308.75333708752026 230.23937318156896 145.37937061719373 185.0787966742103
332.5157206329421 65.5147888329899 6.579592120077336 284.76873387239306 343.7886124875086 334.06553849942065 161.96989213771406 124.35746577226041 176.50158968130103 234.7667509386634 188.48093733767712 208.32669429960038 266.6650017379423 255.91438398158618 259.8974267431659 231.2718357851499 268.9877604867564 230.47744480181177 148.64496363081298 191.92299564482448 226.94089029298317 199.75278812315037 218.5084893682008 206.89910789693494 122.05728539548818 283.64328609837366 336.08330211758033 319.75954411801706 186.55950413729886 281.0958604890708 265.7748691033257 281.49411016174565 290.9720378387408 298.14731832496926 283.1527559246005 287.9187807479321 310.0247449300265 322.8714409644935 329.8747909842062 333.02789296749967 322.98043470438256 293.3577590615543 188.36037390097118 153.99258381343583 210.85680704834124
343.87713824139195 147.39742516554327 10.112864384387251 204.80848981607102 342.23811702267363 296.06466602216284 152.86733047282883 165.2076911399751 214.6375414722355 225.72883334288417 226.12538764475215 271.93280200319026 258.75160721606346 212.67303153211014 266.3210378702201 291.8184468308085 265.62662148765344 267.85096557105993 179.48772393504868 170.2627567228941 222.58439037890997 248.63367005261676 222.94126330387786 209.27526883264784 78.78286535043765 204.5386900798373 219.01176756191427 282.93278936312214 238.74988904298914 303.16769262771464 277.8735731828783 284.62930442989483 270.6626036066503 301.87300725862207 272.78365939103816 306.7447088337456 298.3125740639007 318.94347534007824 318.45293828423047 317.99806670464477 290.9417433756806 234.6342110979292 184.75552315753123 184.59340005842336 254.27943886084427
307.8199687822177 236.41896001567585 58.880291795885285 129.42349799452302 323.9818447678951 239.55618280709126 174.57771564721844 219.1963281417306 253.78608807028877 265.80140910338696 244.1698539488999 262.1854331697993 251.71011131434648 189.69290897904062 210.83624816589912 297.65537982059175 336.82020704403874 318.35794003894813 262.01736090959076 167.19742798660855 182.27067041009718 210.57837770632187 237.6607327158368 192.03535188686794 83.45854106183799 252.3410200671583 140.39179076890707 135.79612992694024 215.10269861950866 186.70826080683997 213.92944593175343 254.0864825369411 228.51533317583807 292.40128309622924 275.63234965997435 314.61156701438557 310.7116348192886 311.5513871514651 315.77412295779936 295.73238874324767 229.57386774362226 182.90109482031448 195.33173082557863 246.63067119732517 289.12598584523903
202.0250554524963 261.2166450880038 139.90357146933707 128.3076304681651 279.6160696301161 215.80904650207867 234.17925291320716 260.6984055107516 268.7634293348649 267.6779774755656 257.20230350522456 257.5066171797743 231.76704822019371 190.92177034123193 176.54696352553748 157.47281451535133 333.26578698256935 345.99786188386736 321.7510472513447 280.1091329169407 240.64355116559352 211.14142103139955 234.37704798705346 162.24985930419746 128.31406864454635 298.80956890349876 245.38271397071566 174.98580090936474 192.3685212300931 174.09140393046295 206.40668441896872 274.20956617780166 212.88177025548174 235.39372164259316 267.73818052482306 304.18957553485694 316.8773668957925 324.45119774148844 296.38174132089375 258.6851198949998 186.87181201293612 184.17446468774062 244.7209380476002 288.2243096646223 289.890377204942
151.57111553316628 244.08169593986753 175.67562144696973 189.33832381140485 232.3469791604128 257.1989136390396 271.71333398944614 256.2146349166572 287.0851665297363 258.271589778832 248.6515343338391 254.7095128628374 237.35646529399918 189.90843463826928 167.61526083315226 109.55282208873092 233.34357598830462 344.00561192665174 329.9344741854511 326.4438364334638 300.72384131787123 292.7133403104463 283.5787922910466 201.5215371238329 126.40722246783173 226.7226795604771 298.8660196897814 269.41319912564256 220.8614255093193 157.90341786763565 210.78143670634927 251.51339384582997 246.99843089220673 226.4994462683951 244.01967627961443 294.6639528045263 296.06429937617156 301.0903360242497 267.93455764324455 216.7135348952457 174.70392620298674 234.6096750240763 284.03530145259356 287.0227272896167 288.1799394093664
180.27215746854642 187.95160863689387 189.42736982206964 225.75953641332592 251.1502241307836 284.50696628171653 293.89203627860996 282.1545924523539 317.49962914180594 333.93731165116463 311.84798570419986 263.8615406102388 215.5575015098455 181.74242141673392 159.17559090833618 112.92744201037453 105.58014483755028 238.67787405775493 291.1444424664395 320.8967815742838 302.17034463504945 315.13913853362413 318.70796614830925 281.62806345829097 211.66799728258212 170.70690087673125 232.39692345533365 300.4371453830534 265.07300833496663 199.56132316521865 225.44633694368787 248.06654109141982 252.0341523341221 247.9531246720358 240.98642038070153 262.1673351123618 267.81705444196086 241.26465390022923 238.1724906552755 212.61190480204039 206.6542582871989 273.80387136043373 280.16102513488835 282.51753034380164 295.50945003470997
204.2240598181 167.333767503847 208.52326858742828 256.36107118226596 276.5057972933966 281.23576712001886 285.6522825766881 282.84715842892734 266.2328534736272 286.74808300916703 322.20820703204697 336.9469297033423 292.0545358369988 228.42034028638454 169.20009000804004 114.9319511397369 114.78399174848016 158.32852047092484 180.64663158230047 253.7737415098747 276.36804853522557 301.2187863691023 319.426829740709 307.55000028740676 298.1588354597016 239.29072911458445 176.25434106345438 269.99651229971346 272.1031799573856 245.03641677721714 241.24228107503865 253.6374329474233 271.6131666232595 271.3027717813765 269.56551549983124 268.4974628327116 224.83636148530763 186.3519063374505 199.59949922947965 249.59936983348427 255.62478031930897 277.79049518245154 279.88431468856925 284.28448242910974 299.8709315125747
170.72599114027634 187.03463177910362 243.97791893004148 297.2393311249331 291.67845372633036 280.1736240041329 286.13597029450136 256.1858350383019 271.90569121820755 271.51468924992514 261.32786693845605 296.19668161613777 283.3656381372788 261.97123634973224 211.32280770135145 139.53701677666123 116.73866690107218 133.84610270801716 205.74441249099448 169.9276629223333 189.54625009535692 214.0066541130219 258.6849920870997 296.138784005934 321.190026248508 290.63889743757136 215.7415919104082 223.44855041895397 260.8757351362665 258.3658711639757 261.7264044824083 250.84336926612514 264.2965177152273 264.1538790389303 256.7914046333546 236.30397187575295 200.45138992423227 197.94794902768604 213.92407602029806 267.8847907989459 269.4524566179895 277.089533717412 283.38252942037695 290.8654770403147 295.71924067677475
144.63629647276025 240.3611658151138 257.0297181764432 277.1437205870508 295.3573074211291 288.0525303002961 318.82666225431456 304.3741346360332 308.30367524422525 330.4471414514421 322.444980773715 328.1817103015952 304.66826642472705 295.4366574855998 277.39728271990685 196.72583943644736 139.49687138876453 137.01826328798012 217.4136070100081 199.93662084595786 156.4091260706781 169.10784906793162 179.81399747441543 215.21678129482018 293.96204915123906 309.23314825784644 258.2222808492962 215.1324415338969 228.29406230519004 250.1290304494721 270.35245580008996 257.21568930287015 249.54190208171633 238.30855727689152 228.35103784187424 213.20283043075517 186.03344180821006 228.47203747177554 265.69518630377814 266.47694567001605 272.99922506013513 282.7233154898372 289.15264850263486 295.8714528641586 306.27549839902434
212.6586305243335 283.1850821921309 281.23348808933196 298.3814015823086 318.44114857083383 322.12899746761366 329.1954012904218 318.6756148469598 303.94969879089456 323.68350049323357 334.8312222809825 316.76822215388216 299.38840787476784 337.38288180735776 305.51871748726717 255.76750292772664 210.79325022504725 190.64905761098947 209.383004400314 246.73610975620903 208.24694018911293 173.3754115402292 145.90279207598917 151.66269774534982 218.55044105116968 294.43893612443264 285.72623878230473 247.10105673757386 223.21234257376875 241.89141616470437 252.37238220568787 253.42679055796015 229.12446415145536 209.30817664268523 231.31661292704058 224.43788190760512 168.29512867130177 250.75984580717068 272.13051138651036 265.4360131548551 281.71840109682324 294.4437639431382 287.11460039319076 294.9341370481525 302.94204716019783
