output/netRadiationRaster.asc
NCOLS 189
NROWS 177
XLLCORNER 690600.0
YLLCORNER 5139200.0
CELLSIZE 100.0
NODATA_VALUE -9999
[rows 80 to 99 of 177, columns 45 to 89 of 189]
189.502573238225 264.2325751447936 253.32571616922905 205.0441622735633 249.2845846739653 275.00664944368 270.87364177492145 301.0799535574802 252.1610846133621 172.32030854404013 245.2741646607243 242.67506032133406 195.56900307049779 281.37894212162973 177.4196365247335 157.42574745631543 170.95908557915112 42.93353378401031 13.265978695250567 144.4685290870247 132.7194664342005 0.0 196.58134667443574 226.20138722679457 149.1775910127215 96.98116443674962 108.84624459276694 127.24634378332104 317.56596814141875 260.2104208403947 150.97902679046211 98.35893426030361 200.0042564136948 130.75461189963198 167.81045931308398 312.67373129281486 262.03170710347746 340.0710130640293 314.90375105602334 267.8769227568287 221.05271905354766 233.31014129099657 290.8504656404337 322.3207380755249 334.2743093001363
246.4670808830523 269.70884825538553 279.45195135231364 244.7516571323958 279.4224912372482 250.44053355109395 225.0092072232403 269.86530471222744 318.40700573425914 257.2933493512327 180.1668812521076 241.27866249664044 189.69805386746117 261.0632575630853 307.0955862160643 173.96473281171853 168.66971454868673 0.0 130.11479092242138 124.69677378646776 50.957962888484815 0.0 0.0 242.97267858659905 180.43898744187095 87.93752674103604 91.11764745393617 114.74101568444098 241.68871516448587 328.6096941230988 244.51703319673067 160.2609307718563 120.76283146140122 103.59817071751365 90.15474773508407 303.0863435179523 258.3220546306693 331.4841494144586 356.8560238725697 335.7519660256875 298.2827128574995 299.5035634113512 304.73925065353797 312.9305297354996 307.30791988005336
237.09232969591113 266.7449954878851 268.3708730346775 244.97096051142364 244.21978545415033 238.4050602443379 285.566563825099 200.15860746706306 242.4767159429244 270.49687317265716 185.64274574515218 202.62052866768005 267.6139520495129 128.3428070597518 299.44887776592634 287.3921754000299 209.11446485081183 8.811845701696711 187.41871340304596 55.223269563003726 0.0 0.0 220.21325603642714 286.2295141211837 166.11543232765092 73.50601185701476 95.54619428243348 93.307982782907 168.6763552395892 328.7067895883649 311.077360239624 247.99830588380155 99.4179559828134 71.56782401845794 41.56630663999118 201.71195660360206 258.34977543810345 272.61487977469363 343.09384498957127 331.7951630612699 306.09048706891474 317.87653706738257 328.54828782870186 334.23645983131587 341.2414444218495
235.41237036935638 261.06176808781817 262.6618787397832 276.54056971237617 263.84230573617134 212.88183863116848 286.5573848180802 326.22092659733977 309.91098064887825 245.33202405486003 275.84819152456413 151.76514282231346 249.49246692361396 174.9306661799369 202.2545149174574 277.20239694866166 260.63737254141955 180.48884527393682 185.072392562573 3.6958540335951398 0.0 0.0 152.26830078636158 277.4624101284726 250.99692431576318 75.51909971275188 78.86031144880872 63.006009319824045 133.8475374101747 296.92821237732 339.34398336899534 290.33152039401773 108.2707614458887 52.862275070853 52.42542982875585 127.85881980251355 232.38567661631242 137.46838309036508 270.44827751221203 313.6792950544174 271.83748766245134 344.89340092524765 338.66388522644155 332.4398408362984 338.9607362215173
303.6357787178026 276.3481489047431 265.60969666087624 279.6705574293578 260.7264428445754 227.17523808015244 161.1379395557613 209.11691717287465 299.714909335894 293.29113638965725 309.4332225228674 248.54616987136393 264.27066100149216 270.05837681672784 226.39863366904257 171.8863876194282 308.8707949799689 288.2773794783301 232.0233491617941 18.82816837272952 100.6747002147684 171.99775456625923 199.56482851888353 147.85709211799104 240.9383849388105 107.31541597474666 29.958976151701904 73.41518789760715 154.35549498480486 248.3957946019437 294.6326726054037 320.0643247146642 144.87031056533795 71.0271594996745 86.84329960279644 132.21924574368302 256.99944499496803 145.5908564899293 233.12216278540956 314.2311030075086 205.80102808485623 303.065116116449 320.8209422886159 327.3677282083965 338.0981341164696
266.95139432695527 303.25847993211346 291.6481288961007 303.414178137975 281.08630286895 254.41555242803724 212.7263862956275 229.06065032462203 224.7305436839299 286.7197125724103 315.31052557885084 272.686418772988 226.31579793534274 257.2492989622743 235.56835862685114 145.08503928364502 318.95602018147673 298.80961292591974 285.0293644883816 82.01913213447278 188.16511429913862 138.97672460606861 204.1473576600232 182.906836161983 247.3189622840963 159.19146190590004 57.02375075021018 89.17441155795206 145.45220965430678 264.18724015371265 246.78930754239832 266.72896226471437 158.01601856443284 99.9965695609007 115.4933866767933 127.05802688534811 223.040617495066 224.72829770874915 203.1187620567959 282.22228417795634 278.2954976267048 254.8724931850353 266.681979198528 292.3442401022218 317.31484963922924
238.0619488524726 244.0629978304895 312.5816850140318 333.5614212651233 343.3076692518399 302.2631143482588 253.6317860109193 207.31783627211843 244.40558548251704 261.7828344040692 287.75554603677296 260.78583776916224 211.8222938602122 214.23592777123343 244.43587483993406 199.42276586059455 316.8360845545337 308.1594268884714 282.7260466153262 179.67933345447904 227.81513798574667 196.54280485967934 197.9815801653295 230.1349875041933 252.29322777102692 170.50684608266585 184.30091625074334 138.92863191335942 154.07145211046878 246.70097450732231 278.7243554489373 200.84215691276665 133.70806016672668 125.92830744216764 105.68894787068854 115.66421438244976 172.64635932663475 236.1749564762669 196.65075244375157 210.30227543071499 247.39159936013522 297.5633542734782 314.9725594734869 297.17333973531623 302.55325733106565
275.7819236190223 172.02178755946494 196.80374317778762 303.16796522887506 337.8602466018854 355.3854773761467 346.97738386719493 263.6860320282962 261.0430905077948 274.62445797273045 256.74019522704725 253.71042007139158 211.2034022938841 148.9867122779782 258.7121193198547 270.91326618329754 310.81826399317 324.92030174594856 292.95262652299004 261.97559041247536 208.82100793582123 173.547763254085 164.75744740621275 247.26517383342127 227.19353605023116 205.97582698074484 280.38783045928676 194.33131683235922 163.23756207177604 202.46203730282116 283.9943078802368 236.98008229700247 174.1139610026695 146.22723974920854 99.58324717358147 97.5419213200123 185.23874726934167 251.2773655062988 205.40176658658794 198.4524495488676 183.3601912318099 214.05148941187292 326.00971381452496 307.4885567223033 290.4046822328127
321.0026860798479 268.32360371712065 120.25106770096255 294.38490612011003 288.297258225063 273.1361055303757 315.2972908354919 280.5557761499626 255.95335292427382 282.05252333966166 256.84254523732665 248.80519040137392 214.85474065135787 107.2262155705211 290.7987561288306 302.14198530076203 293.3280120945663 317.0985985865133 290.3849441133679 257.863703926044 229.6353000499413 158.52478433258608 153.46301683136397 214.02069963990095 262.3553641793584 261.98697704766045 277.50534923447805 258.4492554869919 222.45186457498983 207.85999417406424 240.1977276218954 254.4998341893775 209.98009245764644 178.85583683687116 152.82534449199596 113.26845509204242 193.78237869962118 244.23958371264774 281.75730704480617 192.25506788565497 202.88872827445937 166.7981283189294 233.85635363102227 317.24765416577713 265.28357596434563
0.0 315.76844705190484 158.69003533596776 247.65756772035547 316.55762510071474 328.693823108826 289.37270938787316 276.621548492893 276.1915824685079 272.53312629792066 256.6030754699717 239.20591614410057 206.2495505713572 112.4609755010672 299.98009969060826 315.48862966838374 304.09220523569786 297.09739337206264 272.47269722605523 259.9483659919514 255.62491916426222 159.31633445085822 149.7568257287088 230.36647474463427 280.54974345645184 288.71977042249165 285.5695196692965 282.57949644628764 251.35157900648574 204.96867010218165 225.55305018947342 251.20781408904236 176.67184190598346 238.75491860308102 196.83110977930318 124.17782999381546 181.30130952761402 193.99759636912398 288.8024630313065 269.819201364857 203.4779150540038 182.38007455013167 113.49718007945557 318.80417856555664 314.1860498550814
0.0 306.73333964135526 244.11907081141266 251.16551049821828 197.39621450552988 256.60283974690594 255.18972009337057 255.24593864081908 270.9703962582237 261.6655299084645 255.3367456394078 225.93792127234417 185.46362024942266 110.94069652833429 298.19370217692995 306.6162649240166 319.3901728594945 264.9358862591892 258.7301878023219 250.13165803749467 251.7232420229775 181.6700320994691 189.79954099617265 292.8860943678022 288.3148892959792 245.060736321454 254.48370534611018 285.7874561737748 253.74668233134986 209.3522312525858 220.3592669412709 238.0418589328645 172.30365872031678 308.7225461874588 240.48272654281777 130.78619931910117 151.91393757690662 189.19246740917015 193.64784369090546 324.41449374313595 252.96383259987198 213.56137460225642 105.1729947436545 228.49647424049397 334.2333294135293
0.0 284.3590716598515 265.20664816627135 311.006780975575 263.65338128445404 216.93142639559483 249.31951862979463 237.66914909960013 258.72669815661226 251.80427214995024 246.1603553279748 224.64243054921457 179.75573559177354 102.27909018279013 305.97638038442494 297.1427717091161 325.4065419151189 243.33375856318833 231.41642762005245 237.23709810950834 225.19883865020267 207.1164243969513 276.23684934867595 302.94081739575137 305.6744342519284 241.46629121002115 204.88206749843613 258.8396928624104 259.75189383151735 229.56027007905544 206.14767377279475 202.68463629318245 265.44257577291626 302.96059045680965 292.62307615851205 222.70528761639997 172.88074107082417 190.05998704849145 139.60655878751191 284.67119956466354 301.63700822020854 235.70309425507367 202.76227517083436 83.45065821160671 296.4356795925984
0.0 262.2513729897753 231.78918108937086 246.68106595487006 261.87998876105155 238.10224141643653 243.15977278903375 245.49697636269252 256.6078163149044 242.32456119945465 228.712553803949 223.42541321825934 181.70927570863313 117.39115813682713 298.3174436150121 304.11207745662546 307.324160754311 215.70566633325154 187.95862520934168 239.09332942286966 216.7344505065845 257.43173066072626 280.7814497848451 288.5228546203729 288.37421419145505 232.20977974630148 183.83836274586588 216.70438971497765 259.37966197636433 237.96867862648338 193.99024034668093 236.85674541784613 307.64629859975054 289.2835135771319 293.2006797087573 290.39863522048597 267.56123328703876 211.7867526459408 178.3874582843224 193.28319186206562 280.0023522747712 263.11813782140837 266.848111280354 121.76437898195564 147.46407246515457
159.79751212994694 245.53635764189568 200.71031420139502 245.36962071461505 225.75525597360667 224.60223953528794 233.57266350801234 261.0831678168812 259.6449024891502 237.78343198626146 228.72173989691754 199.75756982363555 190.7804033679422 146.7242299303171 304.87554389214694 321.7990316342521 311.3744336880404 197.14970597118094 157.14451168518133 229.26828686398812 266.0153526863479 266.46147240483424 279.9833148955843 308.64944994658674 286.6416874784877 218.13189542169232 179.35163922271323 185.13007539792244 221.0513405508674 235.34424365596317 232.15974635910254 275.71941041492187 266.31729029494784 267.34023168248905 271.1236368698179 298.4235770000748 318.8934320115009 250.6101873241504 209.99614711290434 192.56029031649143 224.44599563875607 262.48370654210197 254.63964896693625 239.3641757900723 106.12851297923817
185.25225442825814 241.57329823208244 148.86097786161423 250.1997867378671 241.70637000160576 207.40615685407437 209.2492968947754 233.54328860339996 281.7320123136164 241.15513140038541 236.14938672531844 188.08265791108363 161.8800975931299 205.6165632906015 300.0648290445308 307.45704159048415 311.8163042824387 239.62136972959206 118.02029192440574 174.7851565882092 320.825807731086 290.30916102999015 247.19292496123649 271.4269756736932 268.2884787132182 214.02402183534008 185.51979422360665 162.6441711527761 173.6374834566672 262.09857057061595 272.24032359862696 272.6123569731997 267.88919855981527 268.9751476434694 273.84883687444176 294.96370754838864 312.4765645841791 298.31031011103136 264.75449232592763 213.37268449123098 204.28103062832287 226.53668154437452 226.00920518015022 264.1349165587744 247.31360231871997
254.96886929641505 184.1236282439308 121.90503713815332 280.99452013315505 249.95259846508924 210.12787899012062 203.3036133391338 183.16224415833932 279.5608876434341 266.9541556174133 225.3634336466513 210.65844513489185 127.80234128473228 254.4811977436945 297.6871666396914 308.5640280674658 311.51931810153724 271.35225412006884 116.60697905341402 109.45166122248418 300.28002948433436 328.145325243077 301.48337408852075 292.04840949766594 242.28291346396242 229.2797508958742 173.73051725221 145.6204672834204 213.58677010924458 273.38281696671703 276.61860900840105 261.4195607756687 263.570130448831 255.96604975109216 287.89210734239737 298.74840496460826 304.48925630582465 314.21134975823776 315.8580439241161 287.15047475367663 226.40566988182178 211.22705010401796 210.51292966014506 239.55214062713065 303.6727349609257
281.18105170912713 131.63956330466164 151.54322696328012 308.66443275032856 246.49308620418373 192.55859634038433 186.00986597715377 171.5011038608505 234.76825558774652 281.8526410165439 224.2786417708915 230.33939023318283 150.6774725897016 275.4542262683386 288.22009379162375 294.6124284880891 308.5986893074404 274.2849084798131 118.0297176233629 79.2958303225139 241.3751011275607 317.5477262033561 317.77021144930745 312.9363517915665 233.08747776667076 247.93044563744877 171.25299133140038 122.74869034378571 277.69056292126635 270.4807167280575 273.46485169066415 264.8603772009807 274.2812504799209 258.5665569918577 282.1350849510924 274.62534609736423 283.04567211444135 297.907514057383 310.3126167317819 324.7794153206287 278.50977043597544 245.2520566844306 211.0387550118666 214.51199789260795 261.38263152835356
268.03074694283873 134.583834809915 219.323370344858 317.57569077647514 264.15635081828987 195.6661663805366 168.18742366339558 156.67595347902386 167.44164905427772 250.73964689850175 239.15662028118845 246.45375352268815 207.08578769317518 302.02927808206374 306.99730944335244 303.5310649804345 285.6339643150063 272.4798585577986 161.1520986691433 70.85283602433122 167.29262447420632 289.8147893322966 319.39243107770125 310.5376264323917 240.03639536591834 239.6461345346214 186.29330448380915 158.6570228599823 301.66618023996193 278.8289887377391 272.1485693193739 276.3020727834973 268.79367021858087 266.32824856618635 284.9750598869189 280.2940362995119 302.7720849704636 293.4477193388548 302.4033473843856 313.56265978994486 301.3518930799701 293.71712092963503 268.24843100320095 252.53986799573414 267.37852797334824
221.6845923704031 152.28950214228587 287.73107059206757 316.76787353582324 267.52996689637297 202.82841661227684 194.61205823010607 175.74648726688804 138.22749995337642 187.92977142060352 237.30109274612158 254.84890500919067 252.46291698204283 308.35980169291634 315.6279991568425 327.80590339655123 267.73227867859543 248.81392554882387 211.07176667463142 132.9902974619181 155.663505587521 245.96733899049508 318.89210230047456 300.3018182650013 233.63776124515232 225.47933629791208 167.3386013895294 234.67969989022566 285.03619969985493 274.8327217075286 263.82319416915647 276.7153394765243 277.092486758502 272.5765403852422 277.97038416801325 256.438355341759 292.3409777985544 285.1365942324657 307.31510192327653 313.8921992507088 323.1384151922239 305.6134928411802 306.24172394637105 310.43532017253546 312.58847275360614
165.71868461292314 177.9092425450022 320.00135092736207 328.6132614820621 243.48076985936916 186.23110689797323 207.63915625590886 197.88742379981926 184.53859010073927 192.58076748109482 229.85899665809774 252.8463130546408 278.4826918376196 284.68987949574057 278.89852957213293 278.3209493908663 213.0249180459108 193.60229521842314 209.8877690656169 189.0277664820784 191.10442288855643 254.93127177464737 312.51306426756736 271.6062772253526 236.11682771464257 227.2388551565267 135.5985799755755 307.78449859592774 267.4269444399257 274.97093793677595 268.7746813549896 283.9816611399414 292.86640343083616 251.60983835018783 299.37137723839385 264.28741283704994 274.4097115619024 274.31342145041054 276.13351624549136 284.9473763954007 329.13262012564957 318.72695885140826 310.1011136246622 311.132310039452 315.64449876282987
