output/netRadiationRaster.asc
NCOLS 189
NROWS 177
XLLCORNER 690600.0
YLLCORNER 5139200.0
CELLSIZE 100.0
NODATA_VALUE -9999
[rows 60 to 79 of 177, columns 135 to 179 of 189]
264.5501927084912 145.78986938109102 0.0 0.0 0.0 281.42873848354384 21.29851005220371 0.0 0.0 0.0 165.29145971575616 61.80464336381192 200.54653003479496 204.5101846162545 160.81334226884115 177.02834869670494 82.79584755395234 284.10403145744533 345.8848043515855 193.10510439884803 194.76708520993253 194.69033078821758 241.5629075645083 178.243090462679 146.26728972333177 258.2119330949159 134.67956556822134 135.0518901704994 104.670815836413 37.31249871010152 106.62053498222747 314.45819151522653 368.3850968939554 369.6914564075726 343.58258542315815 328.35579356790004 103.38775029512311 246.92334158415844 241.0754619378592 246.51219958281592 36.27963401188782 0.0 0.0 143.97370386049073 248.44421343555774
323.95254283978375 302.064545250067 218.97668891510608 309.22475712026795 144.4791979109512 310.5398503333793 183.69090175197965 0.0 0.0 0.0 61.09859058866755 0.0 198.19848270472346 252.6371840534968 148.6118649086239 133.0990636158616 87.24583106255847 258.43517509883463 384.5011085961186 353.2522867778542 250.18790951198025 197.54153154834995 225.82717559010973 192.45686186777834 161.58436155095768 157.6661781670271 53.30033666512742 118.84853637557273 164.13061256030903 71.76430470241826 106.08940951744586 282.93182999237416 361.7023389616708 328.43604558535213 231.24548828926999 179.78276922752934 170.93240768197302 323.11486678488967 255.02557445930927 287.6856171055245 135.12508722804705 0.0 0.0 62.706770712467915 203.30491032508837
256.9745287474303 287.8230299622038 286.3900577381621 304.2583638463051 133.47552349491843 181.62823869347835 365.17184614993914 0.0 0.0 115.52516477238345 15.419341170180871 0.0 116.63092216342477 210.6807819183366 145.5647868167897 52.090540450586275 103.51228564893421 287.6539639387426 386.96832003028936 385.5462267430031 297.20265522386774 285.85046466301145 320.6553747145286 263.4959182733185 273.58547528105373 50.87921370925761 72.54610767513662 73.49799115982842 99.55770354483371 61.96369550605817 134.1311583836016 245.98566270357878 319.8971588270055 216.26126979542113 158.57126349550833 183.03673774659654 280.0482446502758 319.1998929601752 254.33631002478023 300.5044787012785 134.0955800829658 104.1834780712424 61.67354503867898 30.23176300613784 34.64463842134228
214.59718212819394 194.65591143464195 157.18629047161687 211.55145382711066 181.38662682472898 235.3886985711884 375.2380283316458 204.56961475232555 209.5651892759821 109.33815981474339 47.008422530659345 0.0 1.6250281972614857 28.32355834798335 198.16347888077433 70.33897675471707 86.41516980745735 239.2504005786534 390.4000053418911 361.96976284800485 275.1854031111485 293.5883652776139 355.78864467708024 349.2801558196798 246.4798291073683 58.379226325884986 103.39890437134068 116.03270467421999 84.10346922186784 94.19578957383754 131.82042514147048 155.86660561716576 200.8643086770963 170.8701914995857 193.27022335317804 273.9524096656316 242.4674865658901 330.0292612270115 289.08684064843834 338.9771396795802 103.28891221516773 172.79466765506373 182.0805642161027 100.54303111284833 0.0
198.68069235075092 124.00042573963663 72.3631318241824 137.12323408877978 222.44348429736488 176.4667837627161 237.67732668737136 400.3918646589929 217.41017164985357 114.3149910341159 75.56687753487358 38.48766653839476 0.0 0.0 0.0 181.24121574033046 16.72237171330505 201.24057425212806 395.2226453009916 332.5552301989205 293.33672455007786 373.7694564386142 344.76253005898917 366.28287922544695 193.17525809811417 49.34120627387017 54.74370999529293 101.2642974568559 100.13902834934521 119.57170547313268 113.371131376822 56.62894413416774 57.932208357105594 114.88930183031613 228.83740883178882 240.16406377938665 255.52075614620742 299.043732435309 356.78448932476647 313.4235195353625 128.1374646114806 121.29330378083199 171.65900290456324 131.20433902984087 124.82974819003493
302.39964335067697 179.9487247401434 97.29441897346459 36.01065499785045 199.50203034289115 147.48115989623432 118.42599048600329 401.3495617202849 379.4719995569738 71.92491918651439 50.902421759257834 38.39699096457264 16.132831678007733 0.0 0.0 0.0 82.14870381707999 0.0 387.1403940039546 326.8429198903255 370.4374505392752 305.4207441839018 305.22488297680667 346.12638683166057 170.2235339137436 100.72879675287413 80.91671002916945 88.71713564027345 168.35777584171979 180.71409899620642 73.66789534004857 7.364167068019356 23.106094690953114 45.41467678643073 117.57110084310847 235.7403751200888 267.1368753760621 312.8715916544979 370.7183408835629 242.60614566011952 157.84973438890665 134.41786306096913 103.02409932667268 135.2523669288684 197.7696254937448
299.67874817318716 258.5250601585403 106.86039202906267 70.65380827620902 77.17507351877697 110.02150565873751 140.74856403949497 359.8930319348932 404.61595263044603 162.0909261876838 36.719665536120715 36.41908511626667 17.325067590665128 0.0 10.957735695763915 0.0 0.0 152.99256432110116 380.0395406967885 360.1960540566376 398.3231217481264 390.17881906772215 325.69084456769644 304.4721346671028 112.1194858450408 133.74454847421356 151.79235861817375 105.39254362747772 134.41226261700893 207.89298529591662 211.51322780739372 53.43961533378655 0.0 18.125197466046814 16.74872818533572 174.74644301623783 334.6715966863146 328.60804738975185 331.0189923878927 209.13761069450732 166.05429093005677 199.69552106020063 123.78637221973798 75.89428859897782 174.6991405664237
266.23157110810905 305.78535078045536 128.57730175880562 119.89789098014438 6.102293026132031 72.59656884166753 105.87766432305409 238.37846176012994 391.953317990657 374.22537124646294 29.733769473002383 26.350139744541025 39.85229493400112 10.747222506449987 18.017736075544235 0.0 0.0 0.0 0.0 367.50258564443106 394.31611681593944 400.0836636351391 343.1519116233315 244.0193010504537 94.41674147328268 84.20600786217403 149.2262722597855 120.00295676814386 74.71972344011414 180.30998172185554 337.6553469524469 162.81846760045778 0.0 0.0 0.0 0.0 311.93780228136325 233.2446362937605 280.1442514020503 218.5546201156883 211.6086712089101 212.9285294087403 166.10450610755987 79.87992522908655 118.50185470886225
156.21270509765486 267.0802092342466 239.4539942606308 195.03997780525572 29.715248736476838 35.13291612931545 43.07882361245811 174.08545272369844 395.6331980894117 335.381766237779 187.93905484229998 0.0 70.39561631996963 60.4360219703085 160.7437507144984 146.81272055177044 0.0 0.0 0.0 361.94898049253453 363.0589257013493 333.75772843811956 346.6076284962123 258.4303848080904 115.54849531851801 69.20565184396952 111.43199020107465 103.80910816726418 72.59240048048986 84.55250238414317 340.7038721336799 185.6183000806799 125.5208817328172 29.780522441893197 6.840204926579986 0.0 0.0 254.3927472118216 325.7846077582853 242.9066046225244 279.56636015526965 192.22329300228353 187.85762391895355 133.37665604233956 121.41488445220625
0.0 147.59760167014895 275.90405943065537 242.33148595550358 67.59502233860667 35.030253751009695 39.43312419766187 139.19086763413253 328.3967282433165 237.212260076598 198.92448616074716 14.888223787869947 0.0 0.0 0.0 173.8692501805785 0.0 0.0 0.0 372.2846057918471 339.8381831261355 280.4764663075987 358.11610973829676 352.3035818281326 162.5338588331681 77.72537935002487 59.064083536207704 0.0 104.08506036104404 30.471923915204968 376.07527342717157 227.26968622246778 98.8135148339299 96.18330317450278 40.4812068083761 0.0 106.77983331633232 212.25599024975116 309.834814356132 276.4043434672788 314.2640277167597 152.4664808069657 209.9124114604383 169.17151427779692 169.77447225863295
0.0 0.0 0.0 155.57667301240406 44.52024680391355 87.5650288904838 54.413148614558736 120.60449247364818 171.4383741617637 195.96049953454275 64.77072761223997 37.859388522132406 55.07647266452909 55.002048142571425 95.16327469504296 14.306087741076567 22.23756054993953 0.0 351.24260898923376 353.1421815065336 311.4921079542392 266.4163491909645 361.7087774246107 366.1521920530177 305.6590043745958 173.85571302462415 0.0 0.0 0.0 49.84416573880594 390.313895434868 201.89357348266935 120.34013631321534 50.44324059453959 17.290076849906256 62.68421232433752 88.01560193567298 105.90709502553756 285.27788442345013 294.19442461174714 312.294170477362 162.73780662956017 208.8689176000005 154.45449893197213 173.00854193641976
139.52160452850535 0.0 0.0 0.0 0.0 204.11038693428503 97.77672069176964 82.46083041453204 129.41926610177364 172.8410999675737 75.38948815517847 46.38628329357056 64.66962948625087 10.895624395916968 41.29561466825669 0.0 0.0 0.0 357.5445842183529 350.2439968171426 316.9298587181996 286.97031264290973 369.0997566293414 380.23009794688966 360.07461619937084 201.85140956183068 45.518078540257534 11.562814811624264 0.0 0.0 312.473226824875 207.47857303483863 244.1611842038604 68.56946982044997 67.3243942537245 80.62495607002694 47.14534113826045 40.92963229888403 205.08364304799335 313.20171664033245 283.0056644592436 187.1766003664867 212.81290791691038 158.78466507969995 180.17195451196062
337.2065902453781 0.0 0.0 0.0 0.0 0.0 0.0 0.0 0.0 85.76267023135017 47.40438289490737 0.0 0.0 0.0 0.0 0.0 0.0 0.0 370.54815330052475 337.58710251543266 316.46889251051414 276.44787409889005 345.28104833080073 331.8050013113833 346.6254163947759 219.66889094199087 115.52744271186657 166.62473748259094 72.80043059541623 0.0 0.0 307.8757256746004 293.1791578547001 184.2818701748149 113.94152073482218 114.81411625552818 68.66067570128911 54.14997270950846 87.47522591604735 322.32773343475776 223.93027362212405 211.0906533607578 205.44443094348372 208.88470344970796 185.93402594845003
351.0708513766892 94.0220413004572 180.14953167717124 114.9890497775969 0.0 0.0 354.3222849553226 12.689181252777587 0.0 0.0 0.0 0.0 0.0 0.0 0.0 0.0 0.0 0.0 0.0 287.0389140652515 325.24857116555535 191.38936344951406 349.4051780237579 338.59611901467946 354.6517949572467 249.791531771983 119.88439179383954 209.9736124019676 123.42606716859825 0.0 0.0 0.0 313.6699314223335 244.5991396549922 130.7217923855746 116.70872849480082 88.33644742480533 101.52031714432138 109.69444576356477 274.5735601044721 212.66491413310098 212.89027917166732 182.72061508561654 224.81028754382476 165.14001813676924
308.9212943621396 216.96761700844746 37.06830835172707 194.71225789804328 0.0 0.0 394.6542434284841 173.29557856073387 69.58066992739742 0.0 0.0 0.0 0.0 0.0 0.0 0.0 0.0 0.0 0.0 254.7222913654453 289.1152142956819 178.1257516752553 373.7970404054301 358.6774999187693 276.38367549402204 357.81156577027684 58.80557814312942 128.07614425038963 99.78598455811215 31.958313363061222 0.0 186.07707229912359 303.45477832900946 246.96346596086624 160.64440436904692 130.69958611201355 83.41787421041329 145.89248565923793 147.5358345554219 149.3771358793889 242.47874365230308 172.00678491408223 175.07100412462563 198.07731559356301 161.67574397176827
291.74143540593894 345.9075278866504 113.55871663225446 0.0 41.08695835186762 0.0 334.95824879340717 230.3712259993929 66.80336220542512 45.1470235091208 0.0 116.41063912074651 116.38822932537039 0.0 0.0 0.0 0.0 0.0 0.0 215.96382894868373 264.1330849171021 257.2258281523507 341.5796845324925 303.37541015383135 194.4295807376937 303.87775752084394 90.96874294418143 92.28803507831378 136.69177671542997 105.09134215339003 109.38782784677386 140.09674296415585 183.88821985091766 272.0963154201664 196.45217829184458 160.06440420000712 121.12716958322011 198.84706202592207 164.77063885027587 40.31160983144662 212.3698889322563 168.61862198572135 192.90259278087836 202.4942914102595 197.12559675567599
285.96733806583444 299.2425845737154 375.0896958988739 142.81831988946692 0.0 166.48805385923833 149.08032452788115 229.61084028524016 6.11167673521453 0.0 0.0 128.47286592088943 94.41345427985806 0.0 0.0 0.0 0.0 0.0 58.30769651079561 74.02443560075261 243.2899818934418 267.51361422618015 310.67050160664826 315.1788437671371 245.7692665851618 304.1153633685106 159.319557838835 142.19561479105886 256.81545667689795 185.75878589314215 112.66427566637407 117.56817565257478 31.44434862895224 273.74915458649815 231.66643174256075 190.41973803066236 169.0954988514261 174.00805556078456 162.49974818330435 116.63971862554854 176.30087181633473 198.70221978668428 195.22748455338706 203.86626250272576 212.09209827554918
320.09225441351145 336.9789186098932 413.51037137657664 400.23493597305713 0.0 0.0 0.0 0.0 55.07771564854153 48.897162442193576 101.3675032722104 107.99713414442863 39.54134151383221 0.0 0.0 0.0 0.0 120.21651063640729 84.85934026253176 51.3399930069225 163.20524309849628 228.78372208385963 275.8351754676894 276.2965862867773 254.0598947544476 281.04830306840574 213.6604417588809 183.80386675346597 316.20934166474456 215.86708717717482 170.41496734125695 119.17348977007958 0.0 125.94426549918904 250.969922345611 219.13409964085992 168.97087831592472 130.7838415738384 166.0981959494211 204.8669354899772 228.81076315784247 219.65428097768256 207.00163821423996 207.37997375493183 222.10703050646623
322.10023695503526 373.3166436649852 409.14524645003985 415.6593734993079 0.0 0.0 0.0 0.0 111.48109974481554 44.169802591676444 37.865784812731704 98.73471327020957 24.229951245173027 0.0 0.0 0.0 0.0 44.070489234523166 25.055755277295077 0.0 127.62205731527786 158.52584746307696 209.51583077953967 245.6784521054946 240.78241541664113 254.02353481973051 290.11237151872444 261.07374717911443 307.2587470429111 221.47889713221304 213.6885069463812 187.64102090615506 32.37858406048497 0.0 198.424655644923 218.58048145729487 181.48728807990858 146.4618698962713 198.09433711744015 234.2249684524969 234.35006078328718 222.1613888244865 217.0088917633554 219.0382874701328 228.84668479568364
311.79950099680843 382.0015753780633 380.08577205838895 415.2380143228484 163.49184906841975 0.0 0.0 0.0 0.0 0.0 0.0 0.0 104.66476566297695 0.0 0.0 0.0 174.05125818514858 66.62324106037642 22.00198920745879 0.0 0.0 126.49388757367836 77.61921962393802 176.45877530297741 203.71269095519352 230.6146404395708 301.6269785700318 311.90221728682116 291.60043557532714 224.34850001020482 210.1393921530513 221.3970162822045 80.21459689654881 27.97052658303761 0.0 203.50512873286164 196.4405871589184 177.96857579865127 212.72723161806795 230.25684074541977 230.3070638491389 221.11627308991433 222.63767910328596 227.92945763089227 230.99136604957812
