output/netrad_raster.asc
NCOLS 189
NROWS 177
XLLCORNER 690600.0
YLLCORNER 5139200.0
CELLSIZE 100.0
NODATA_VALUE -9999
[rows 57 to 75 of 177, columns 0 to 43 of 189]
-9999 0.0 111.11255777734624 114.27599244259761 115.51348535106138 113.87663320425821 111.55584856955778 112.48392893655983 116.58756292242776 119.15860022499595 115.51713377140845 108.63666072535108 112.74764604942249 111.38951453859352 108.62073112748163 107.69445715949627 107.51423904336326 109.41525823057316 109.12593211943641 109.15940325336976 108.82776081978301 115.2272456844459 117.02926266414693 111.612566622857 106.72092376914043 106.20072724913291 113.44056275953659 123.73224858057915 112.4966825750733 99.53118929904599 106.78237358726926 118.52461876920694 124.42511229473791 121.11835274939216 117.59390965030553 121.99123139389809 112.1234890214908 107.6520537985237 124.31931469185429 125.24829654646999 124.88670004783535 122.59096573722161 123.40241959360355 137.7367056086211
-9999 0.0 115.6953503043228 118.00561835575206 114.34323059185965 114.28042264645035 115.18726339704045 116.78946795381535 120.38829163972372 121.3706829798432 112.24201146545983 109.21461058480958 109.7391393234484 108.20317130916618 107.19186419106188 106.8422663842021 107.087892545231 107.91842920591893 110.96792864564372 108.31324470627294 106.90117791099271 108.107799569294 110.5279324830314 110.62912651713555 108.72008073139733 106.5089446992223 110.52761884434938 111.96408111599396 109.83975135108096 109.12221886602924 104.99116793779308 104.27007891240373 106.2847877160595 119.61918089957692 120.63094543501882 118.95169803181642 108.48061209551008 107.58917702664752 122.42667770600048 118.9283319180434 117.10733199025117 121.95304950937691 115.78685364647976 127.30043071687766
-9999 0.0 123.82112999621228 116.25283534865969 116.95967788519346 120.94064684044884 115.13027123299986 120.67766642002977 119.6726077802133 119.31855732917387 111.25502830206341 108.50645801105384 107.72755900568887 107.22925410796057 107.34749369572313 107.27147807847996 108.34079989883338 107.12337486959791 107.21870345726859 107.17606588997194 109.73888641215694 110.87175865207143 112.33597712696752 120.99228426937981 117.51687428045301 109.17298877453669 108.92880072751836 112.80322315431732 123.7042542727587 124.83007114290928 123.52568404458958 98.22633051293116 96.1714254437635 111.55160986374023 110.4089165830996 113.9599100198729 102.40714221644504 102.99687533247567 117.75372607323715 124.05517781091021 113.31497019868158 109.32860701664936 105.35374474434326 104.9082496054632
-9999 0.0 122.6131411140671 119.92928310671732 122.8317085452502 125.9381192833481 119.81381036347449 115.66574473752382 119.72161734266405 119.94203971933467 110.56170352354405 108.22149166570716 107.42800408398386 107.95657832734781 108.02292278906907 107.94937274304993 109.31109506760794 108.1195068336736 110.33181600695616 115.69160960228169 123.2867753207118 124.66897344455373 123.15055489850067 123.67657663360876 123.93604541125848 117.7406375859 119.2095840616418 123.9426907941484 127.55789584112597 127.05145742060199 117.52781400944139 104.42633027766624 101.31872323516154 96.02566338992227 100.0737129884335 103.31192436067283 102.71430916135614 98.90079266351194 108.9408344087206 117.6722016207874 105.81324360978061 99.10716818790797 96.10855241065303 94.87630041339418
-9999 0.0 124.31571397728442 134.33690690788217 124.9606311911549 129.4017980845997 126.02461123722071 116.47214479491385 116.0891859431988 111.58286698987934 107.68174813861515 108.87143476389781 107.6796800016653 107.08413283234461 107.0042438457109 107.3358433686937 108.21272633169764 110.57482099795925 114.44973254961786 120.29618480146507 123.63106457744931 120.70466474463831 119.53689589371083 124.01186754040629 125.74482548797806 130.28598834375134 128.81220268568012 125.41898329976499 128.89371352231956 117.52365454706518 116.94703937981899 115.51042036024728 113.81324935386664 100.04380480480324 93.03625787597133 96.86768945431959 97.41828691391203 96.78070609681157 98.39663913861199 99.26893186051319 97.93822253042464 95.15404069569786 94.65484569620503 93.90597597693863
-9999 0.0 122.32297820792206 117.95695441468615 114.69631207096768 113.26942821565001 113.83299836642504 112.85334848210175 110.65472361434024 108.7803238508319 108.69543597429168 106.80229424347948 106.86175142685681 106.29351521806524 107.44394209441418 110.72951094980436 114.54621198690671 118.82055542157303 127.6377569130633 119.18458788652947 119.5347307913151 133.50195452747022 138.62594324778615 121.97775242851964 123.42990249850334 124.51013123480544 130.86900478031987 123.97865721274223 120.27459595293072 111.81076435525011 117.26322610044781 115.79856214523994 120.82204719139423 113.71502268882563 94.50359305922638 93.34768038406992 93.5584096772456 93.75924609010133 93.43179245946214 93.90544365535021 93.87675006800964 94.4005628046101 93.28302165154298 94.63793882255123
-9999 0.0 126.81032432316584 127.27820147651028 125.89861685010868 123.49260511311644 119.0788044543969 113.40220555919927 109.91915117399742 107.80689434430553 106.87189565933193 106.58995213256952 107.65361088496019 110.72333917402034 113.97356845043157 119.27832117825534 120.52839950096154 123.35555547291182 123.78014276312734 125.55179246235207 127.38027028007605 134.55237744112867 127.42035675621429 126.1041835792442 126.34741506158218 130.85345567441493 128.58842593192833 113.93499735767494 107.89761188493748 114.14264245153015 120.58242871955275 122.58493370113575 123.50114835621105 119.68465365332537 102.37703888274422 98.48012159900776 96.7041160204817 96.59128810700963 97.41179862449968 98.69960947719676 97.84272462970944 97.11624861633652 95.1867291030349 94.14545459964268
-9999 0.0 144.08590696530098 125.12276757453901 124.290374401446 135.25306233062025 138.32167826738583 119.65869683480736 110.67669984511315 111.40500971260883 108.28140790845873 110.99100689473045 113.54310699468687 117.08799245442714 120.16314878333424 121.66512637802373 122.76439161721538 123.08496679915032 134.51327344634558 139.73954731948908 132.00365518754074 134.0274284686779 130.62562220286907 128.93210392268935 128.63400063804198 133.81288207764294 124.47397126973402 111.5073029817134 114.3147173061638 114.2560010609281 119.3226790345168 117.6473412406176 122.5928822843199 124.60744121937881 115.56377230443127 114.53094849634431 109.29785482703352 112.24572956103788 108.71653208672103 113.72872290755839 111.38381792557902 110.53380221136285 106.08036904840884 102.54448646496462
-9999 0.0 133.3687238130405 133.27274316683537 126.6514400780627 124.68038800464018 126.73971690783725 118.42108418749217 114.23394093856535 113.6532747046594 110.61028866829429 113.39848225817661 118.05512617936006 119.57756140958293 122.54042029883112 121.96151484531185 127.96638688148084 131.56423058143474 130.55400245531916 129.48296601524538 120.73463129267645 119.5263466255152 125.72015091564265 131.28289528826605 126.48579609709384 127.99198039416297 113.81643628786418 112.94129609303013 114.91867003986812 112.4404182651997 116.39062593704836 117.02364114694456 117.83595124454092 126.844901156108 119.77477100884454 124.0823038209274 120.04365918090554 120.1571628634336 114.78214384882415 121.11891054300679 113.35609081366266 113.39663846454448 113.10011473295748 120.26144493338228
-9999 0.0 126.22974228322522 133.0725337749373 126.18986050785361 125.06161876456116 124.6942714560821 123.08088811338769 126.05449584109334 117.14311397024403 113.6546898365882 119.39752153804704 116.33298286357262 120.71689691454748 118.79881579988529 121.51635079673838 125.09310786353507 126.06996616845817 126.63250837728282 132.8413798896288 147.5178907629662 133.36240987363448 123.76344906581403 124.34581468478694 109.92309347765513 108.41871583072106 117.42040879812527 120.83018673555495 113.6873836800944 116.18151516168439 114.84734469778641 115.87282263322317 112.4263561295632 112.68361200073377 123.42767882862637 133.2312000783141 129.112128464114 133.55439450493316 129.2555301412121 124.60597080518119 121.92605972930221 114.94563785372696 113.19358402466531 123.34654652410785
-9999 0.0 123.07824033302694 127.96319709728789 130.33241123156165 120.16813386214187 129.74442531016166 121.27472419741105 122.6134205835989 120.8945682710418 117.83182682139096 122.53165660519807 116.75757612750255 122.35442595574659 128.53044487857 124.28415514901042 123.22252245558019 128.336360566437 133.41668871773493 124.44869657107574 126.44614443660538 137.21242323782184 133.73288603135182 109.39829362816295 108.32237792353476 111.5195691812761 117.52000610211087 116.10009592415133 117.16628081218795 119.42188498405966 122.93784800995542 111.941725491297 110.07224542462961 113.5029062240605 115.1756901946714 117.75582856380191 118.95060461734488 120.53038566034331 121.08897892965575 120.27069357379821 114.7616564005873 110.35241362068388 111.21755393964946 117.27058462473565
-9999 0.0 117.38655054067232 122.53984200217047 128.83824579383054 120.97806563939366 121.66069075133561 119.13820321747664 117.4673402552657 126.85936092171801 126.7600910688808 114.64612308977553 128.84016736563586 124.07299529985846 121.28220565240696 126.87736769167543 127.30584830777025 127.3072673124683 123.73935729633843 113.66966583624179 109.28061644254723 114.05140515663868 119.34393035855032 105.11263253447754 110.50648432252115 113.84097521016542 114.31676108993605 114.59371257370776 122.14860327010621 119.99656406888334 115.95009661386877 108.41707305616609 109.21473090139989 111.45758244636806 111.76921381972744 113.95864250776731 114.22683683206435 113.74527657317924 115.56968462999686 116.6733786447819 109.6222908446133 108.93167531228488 109.46164637173712 111.16651252888227
-9999 0.0 115.98034391074395 119.00392408536283 123.93700174556744 123.62509117534626 118.55440941159435 119.35449084307811 121.44965275558138 113.31548057418809 115.0383036802412 122.07890072115833 125.97129057753995 119.49977109879057 117.21840793497603 118.60860212267721 119.13900589120612 113.43187797633436 109.52188176212684 109.34663839726903 106.60616582959022 106.1220130166381 107.78217153118544 111.02650218803723 115.43247268293078 116.64262560206191 116.51925178003427 117.82411319389894 119.19887460875287 120.89961193365178 115.3702149946111 108.32257766738752 112.54801251991142 112.53447377223102 112.13535687377254 112.6583888975548 112.34033165989183 114.32037428623954 117.63930797442868 113.60611493396988 107.83842269932296 106.51904651452378 105.5676017564432 106.94558162231948
-9999 0.0 117.54213527695919 115.92580937713609 119.72219253782794 123.7912345198477 119.86313712394644 117.36735400024776 116.98534143333234 118.81950822457281 120.91062014626675 118.97759692684139 118.36588193334694 113.7641297164052 112.26007190038251 112.32149593805343 112.88514947862228 112.66716695682595 114.63258447931554 117.8414375919183 118.76404174697058 117.56014771058068 114.33067515837507 117.7245110926674 125.68060789898334 118.61940578408792 118.59482820938803 118.20862610048061 120.04429313955086 118.40031971330035 115.2393298164476 108.3519026134885 113.10598879060143 111.94347518888833 111.22475270325805 111.72483630698338 112.62968209761635 114.441629685353 116.55416531707226 113.5819001062132 106.20379454549573 103.09937767744242 102.92031809190075 103.376495154677
-9999 0.0 122.71281771399174 119.3377410205971 128.7914722369115 124.39820149310054 118.03360555323178 130.83628534581908 120.03171207936816 118.17115876558154 116.45962899864213 117.31392790796264 118.7229682447308 114.81727466319217 115.15187007374772 115.80279617807628 117.49452952670163 117.74006970392406 116.8779639645478 117.52679360656686 117.79445722824403 116.40439190936797 114.0575379515891 112.21303691234488 115.8842350304119 116.92816940348007 118.95399397584032 119.74213443281042 118.87613811066137 118.03821671936714 114.72146566379081 110.64596405318582 115.78414038074521 117.42002924477703 113.9109919258201 110.99511251905938 112.84766981773396 115.4645629478917 119.07909989256882 112.95921634434296 104.58700894227127 102.5184630595752 102.59562048895503 103.07865524501779
-9999 0.0 115.68187564286688 125.77799558819174 122.18275220326359 121.14679869569716 115.87746453684201 120.38735730706384 120.88221290067708 122.67163747731485 120.76107488020898 125.40412016299683 123.02858415210045 123.44811797198116 121.71715050409682 116.89103719626024 114.94198345788766 114.69251923055617 114.566284405168 116.16560095685338 116.28984960312437 115.6051611782475 116.28905389454059 113.43321425648679 113.59758597896075 117.62253392104344 113.89248708246583 118.71821016449593 116.88939491851238 113.75295344271996 116.65377387014627 113.79140190963426 118.17912012551011 131.8032481240512 113.73660835891411 111.11124142820194 112.35771622950665 116.36560753684512 115.25818128836534 108.49174959751645 104.21623852621173 104.88548149126018 105.65624503463937 109.11507990204399
-9999 0.0 115.1550331852385 115.29122030832667 116.63396961065922 115.40126006190326 116.1818468157881 119.86352979933673 119.21000772396474 117.21446260717022 122.18430558553018 126.31835265277215 125.81183919899115 134.35560468544838 132.2641727172021 124.00156009881312 120.26371014441463 116.71434161884633 115.55158428341275 116.10944772377974 118.0066613182309 119.32475359309183 116.2206148333994 117.0402235924829 118.70738715846176 113.24716618508012 113.2559397020463 117.83008712623405 114.5848399055555 112.28399955780867 112.84005959838476 113.43436020755382 120.59196615182287 117.3317710258039 113.19842263999175 111.25899299457024 113.03835875409919 116.21803395013626 117.29249882061049 108.12444119066373 105.59187964135981 109.66257037896986 111.21335444878866 116.03024542418723
-9999 0.0 115.83337367350919 110.09148995710638 114.26086449754268 115.25034172067643 114.71399186298544 119.42797240966956 130.25231227397234 116.59231924251071 117.89178887346031 127.41331273887886 128.84910306152454 130.35086792059963 127.90883684031763 131.06149843871538 124.31870108915649 123.3777456122254 123.88907981423097 120.63963829485851 118.95515220618074 120.78141586052794 120.13931889483149 124.37457797829506 115.15909171217828 112.5864100148799 113.5234762865253 114.90635750153928 113.08684148128765 113.05904700704286 114.09572462026074 113.69923970068311 120.0319606856354 111.4281086777944 116.54909862259899 111.63707983363986 113.17080254633521 114.63021539171649 115.57487374554518 109.86294227784362 109.87291395425706 112.67695329755895 115.26600309583444 120.1745692051469
-9999 0.0 117.64533196765933 110.37743960661902 111.07616367425271 114.38999519008047 118.99151796829295 125.58497107105035 126.47727292608766 116.04545312821824 114.0192512428747 117.96390408120993 122.06547802368681 122.51938707199491 124.79912937186202 129.58611439184835 129.23168952056102 132.16839366961477 128.0281272974401 130.36754369483197 118.41718330622086 119.39069657164379 128.92976287189407 116.01396342760876 113.2298991869223 113.24174740513615 116.94734156652083 114.3220860352111 113.19722771817663 113.9162704802294 114.10029635311952 118.03694466505749 115.5894877036801 114.10613608002978 116.81830158985935 115.85457011507123 111.95663698581012 115.66174561868348 112.77260927367047 109.89691965683113 111.36876358766892 110.446016929135 110.54878387781224 114.55142754752029
