data/DataRaster/LwrbUpWellingRaster.asc
NCOLS 189
NROWS 177
XLLCORNER 690600.0
YLLCORNER 5139200.0
CELLSIZE 100.0
NODATA_VALUE -9999
[rows 152 to 170 of 177, columns 132 to 175 of 189]
359.31223342319515 361.12884133371784 362.8996399870379 363.8095882007671 365.0553174352016 367.40420664016364 369.03448685191074 371.1441328500574 373.10918000067244 374.7855923537839 375.9343470515147 376.4127688896894 376.747575761671 377.2257414849728 377.60815695019403 377.46475606699204 375.6950588323371 373.3966226622782 371.91108073753236 369.65781590901855 367.3083009951432 365.43871193061347 363.23483615571354 362.13367354496864 360.69838465930894 359.16891826809734 357.06896168967245 355.2587274030443 353.35713067472176 351.507446816448 349.52088131821324 347.3522514161347 344.8638537129315 342.29435383880195 339.3687611856102 336.50974993662146 333.1714599584472 329.6408406191859 326.19528758602763 322.74824208545135 319.1744107688457 317.57940446371 315.48453834857685 317.7512972373077
359.45556475496716 360.554932006998 361.9422403254496 363.13907365053484 364.52822519014376 366.0139249990314 367.83576783437314 370.8565267304994 373.01339921508634 375.0250292621184 376.46066196614333 376.8911018036941 377.1779857572229 377.4648083027291 377.7037779319246 377.22575437043594 374.88134102177213 373.20499201725596 371.6234892755158 369.56192134617197 367.78777521016434 365.9659582141742 363.5700878159909 362.1815374587285 360.65056398226653 358.93009799502926 356.63992032059656 354.83049962030776 352.69261836517296 351.0812629387474 349.001589836329 346.6938294902636 344.2552939439525 341.224004977127 338.35189449648954 334.53954019267553 329.59583328622466 326.195287586029 323.98045607834746 321.12913610668136 318.78540993395774 316.5935949007314 313.62080943148794 313.95842668229307
360.02904159782673 360.7462182466839 361.36805015462375 362.75602772437765 364.144965631392 365.67843849967517 367.8358357593562 371.3360234217174 373.73215499613195 375.5038425582146 376.6999573271913 377.36936449432324 377.75172095660474 377.7994762949573 377.65606290171235 375.7429979754117 374.01941279049356 372.58209207960937 370.0893697983262 368.55497710047445 367.3083069548125 365.3907872244659 363.4742977178229 361.6551078964308 360.0768359554279 358.11845936263546 356.1634221660391 354.21231888514745 352.787513728161 350.74996785027537 348.5770387797776 346.4588675447675 344.02142986160123 341.1775262556978 338.6751651272333 335.2713853525538 331.8995817220706 328.1143774158666 325.08558873192584 321.56568809070876 316.89315779830923 315.7399675242233 315.86779655165407 313.4943465521104
360.4593091560505 360.9375350906564 361.4637591104949 362.46881570633565 363.85760042014925 365.5347525194409 367.8359972826416 371.4321349037654 374.4029975145125 375.88704158769815 377.035070973605 377.84767504821275 377.89539394001787 376.3653143169256 375.5039281842652 374.59425323157666 373.4925770642702 372.3425232928962 371.000339705001 369.7057918849673 367.9316333046981 365.77423059758775 363.9053900510283 361.55941125388375 359.83785126627913 357.7844198033187 356.258703428602 353.92715691853846 352.02868609306296 350.2296890805911 348.24703796525085 345.8953725592546 343.36720477716483 340.991660561861 338.95246150705174 336.28010820792116 333.080449638553 329.86597726901005 326.0174327700274 323.98045607834746 319.39080486889935 317.15025125686157 315.6547905251076 314.1274436067492
360.93753799802727 361.36808070153097 361.60734561554705 362.42102678278127 363.57034393947004 365.4391321462265 368.07612698934776 371.28889174815697 373.58949119665755 375.74435874814617 377.27505165862436 377.8963388561099 377.84836823043605 376.3180766457937 375.45650311169095 374.6424316843015 373.5406685811431 371.7195436835843 369.51407508151567 368.4591226223487 367.69190682729516 366.0618419713176 363.8574907450513 361.46372067501403 359.79005989139483 357.83213396957143 355.4491165767655 353.2146876111336 351.4600803156747 349.8988155151554 347.8701183053102 345.42624737589 343.08709458976983 340.5737525739328 338.49040701927225 335.7295497560397 333.08044963856 330.54238028205316 327.1755251857017 322.7921476756997 320.17148283497806 317.96634849604874 316.93598589151094 316.20904572559834
361.27240226807123 361.89447531259145 361.4160510751463 362.3733254229763 364.24130998914075 365.918993202851 368.60449204826114 371.72170854544885 373.78294413169647 375.6986824871234 377.1817375309068 378.08965275354535 377.6112729599428 376.3195156757685 375.50538444891987 374.5473277029357 373.49316405239915 372.2949335395106 371.04846229277894 369.51408843580106 367.11657761616385 365.15118260028765 363.9533031763219 362.2772740320968 360.3636738827999 357.8321344128416 355.4015157984007 353.0248036268123 351.1286039133523 349.61534397426664 347.399310967213 345.0981098430729 342.6672403220574 340.0171740144087 337.33762350500456 334.4481661121471 331.1297881259579 328.96643501550585 326.59587894689264 323.7159139595478 321.74052666396744 319.3042230758813 317.15025125686157 318.05242651411845
362.03805081937907 361.89456771713765 361.607611586682 362.9960817947114 364.7211284449981 367.3105887569236 369.90136854122954 372.3002254729803 373.83531368901816 375.60835026038984 377.283099418888 378.1906096246243 377.6636017026359 376.4185989763842 375.7470174359363 374.88397040183725 372.6794482687884 370.37786646428435 369.51441627368405 368.65109462937755 367.739936987891 366.4933198537944 363.71380397339595 361.08101448007955 359.6466966577841 357.6412918411769 355.78239234245666 353.2621659813197 350.89193192758586 348.95440301713154 346.9288913882966 344.3956653421034 341.92177007760847 339.3224847601325 336.50974993691165 333.39909341046234 330.723004021407 327.66692240454313 324.5103440252764 323.4956680701245 320.99832279135546 319.21767347979306 317.7512972373077 319.69409408148556
363.2829172323956 362.3733692747636 362.1343663273336 362.94885656450225 365.0100255704805 367.74486271347683 370.52966682816424 372.40381931104275 373.2709004754131 374.85538395162183 377.2016643062142 378.20386118507696 377.770077842763 376.37867184195846 375.65650906103195 374.69556778583035 372.4894347624215 371.00200361363034 370.6655885116532 369.65825444947365 367.6920781405521 365.4867286567978 363.1869847104598 360.9853566315259 358.64358065434266 356.0681527504609 354.30739546333814 352.88242124639044 351.5548166940782 349.048780360566 346.5058519131446 344.16173504467224 341.5494929252515 338.8137895122672 336.28010820827427 333.1259517160567 330.13636036405336 326.952443162928 323.3636106977885 322.3096059348429 321.34731466760525 318.78540993395796 320.04119029434975 321.39097378540174
365.00773960080846 363.3791866194156 362.85306840509656 363.3332055374183 365.01261383954864 367.8462823225219 370.7801192286698 372.5652325518871 373.7274772423485 375.74952206590484 377.2364794697004 377.9015027555003 378.2259094242857 376.77938615024993 375.5241254771956 374.55827270460014 373.3553316368124 372.20206277246007 370.81017907759593 369.13113462610073 367.59632456862147 365.4388578273324 363.3306776512735 361.559434661514 359.07339452928255 356.4969505426658 353.8796408234935 352.40800415204217 350.18241139243264 347.8701183775247 346.1770465543783 343.8811647072738 341.13105244968943 338.16728625267996 334.9967666446661 332.17171318428524 329.1461284535971 326.23976919488507 323.8481513997902 322.30960593484343 322.5288284700752 320.3887958407003 321.8279924397072 323.18763971271085
365.39136753894365 363.858644093027 364.1952769357109 364.38942801923025 366.12029120715346 369.20089482338244 371.52234844176235 373.0360498812147 374.36211228387145 375.49084487773433 376.6025245442027 378.02624726627636 378.28537488886076 376.6752739703106 375.3556475624339 373.6121596537483 372.40271644076705 371.34192315090365 369.0851416848941 367.3574456730581 365.8706069610594 365.53479893704855 363.7138751081202 361.4159104510474 358.54809533856064 355.78239677905907 354.16478708893976 352.3131567512359 349.9933339701482 347.11701226263955 344.30208004698767 342.76050879642753 340.48093904534153 338.1672862530461 335.6378704818367 333.1259517161367 330.3618612566373 327.1755251857229 324.0686964743921 323.3196066352077 324.3335960782182 322.09057518689804 323.4956680701229 325.2628361183397
364.96033566721377 364.8655472730363 365.2991865098833 365.639502680467 367.28042304893677 370.4704582807116 372.3357273786944 373.6958384323476 374.78398464982115 375.7191705209629 376.46609101441084 378.445952802361 378.41818143940174 376.9012716964139 375.3522780603061 373.0580782433292 371.5492057347794 370.4350086184411 369.134827463516 367.98150196032555 366.15849587302534 364.81603203442756 363.1391906922915 360.5549764329198 357.73672581810064 355.2111431051383 353.26216822842764 351.6495663928827 349.70982092056863 346.74083402808446 344.0214299049065 341.6890606929346 339.4150428195488 336.83148549781663 333.2624949123631 331.5823838930269 329.236015666734 326.0174327700515 325.44020002187636 325.52892554798024 324.9084582441656 324.3335960782174 324.99700885191464 326.95244316291263
366.5904899914294 365.9210059422996 366.40425341204826 367.32408448809014 368.97514179997205 371.75666847756827 373.13969598815703 374.19770302148265 375.5555804210498 376.6179251583404 377.0289253622794 377.94502034112287 378.6997381551373 377.4927850352184 375.4308683675307 373.6687477987483 371.6595648114794 369.86514044800464 367.9380387792002 366.3041342749469 365.5356672538952 364.04953810875975 362.1338423431245 359.55118582487046 357.0213042435902 354.3549443848277 352.2657396994138 350.6553428080901 348.6241969329826 345.9892475790746 343.36720482674895 340.8058739530816 337.98276428807327 335.08828275729405 332.3078641459216 330.18144736235655 326.997045488282 326.55134031022027 327.53282119847546 327.98006827866175 326.6849775172481 326.6849775172468 327.39878273637294 328.92152856571386
367.93350389108434 367.16877261010575 367.4622914826328 368.7714979377542 370.6291888927935 372.38790068594176 373.5589985406102 374.7284752208476 376.27233024116583 377.42472625402695 378.631720862425 378.8273382685891 379.245864544323 378.39293525333034 376.8988844401491 374.39089799444184 371.726263908721 370.4000317262649 368.80403037617083 366.5927414012712 365.00879396812087 362.9001670821147 361.4160787709803 358.0230797175952 356.4493202325195 354.2123285505141 351.69694802850074 349.8515628342035 347.16405263153706 344.2085124308783 341.8286719425847 339.87814360777213 336.73953294430993 332.6257694393445 330.49724069309184 330.0462061840897 327.1755251857863 328.3831815603518 329.1461284535602 328.7419705964099 329.0113482355424 329.3259298077006 329.8209366291905 331.31074928981633
368.0298294029732 368.0331026376736 368.52064854103213 370.4601493183571 371.4212071115927 372.59430132192193 373.62319438974976 375.3362710662558 377.16964952621595 379.52734946510606 381.7884706981006 380.9381451639682 380.13914654060125 379.1164391557253 376.71538543813614 373.96547244553744 371.6977657332422 369.3508344148684 367.89498921734344 366.2100015768228 363.76327998966553 361.9428323819525 359.74248752741755 357.5459605282201 355.68718731396655 354.25986641397435 351.83910479202103 347.58758902481435 345.004394954085 342.43415114833215 340.57375262570355 338.25957963664223 335.6378704874097 332.6257694395101 330.99413505405767 331.31074929013323 329.28096937449413 330.13636036405666 330.5423802820656 330.90373205618033 331.5823838928001 331.6729799772865 332.62576943748115 333.763625043911
369.85239042748674 369.328865314479 370.1061776951103 371.61876323071226 372.06411030243316 372.788027400186 374.0056305940775 375.8294859137503 378.24941646769565 382.8539834595836 386.81368924004954 384.04134701978546 380.89701318663106 378.51623318350875 376.5533122741377 373.8153532753868 370.99024672858775 369.019366381349 367.65673237375347 365.347558989676 363.2844609175512 360.93813624585897 358.6915487273035 356.97368724393823 355.0208280806854 353.07228119153746 350.60803743805127 346.50585308685214 343.1337685512814 341.13105258384223 339.5076216982814 335.4545814258663 333.0804496438143 331.1750187462096 332.4894867414672 332.39866289699654 330.5423802821739 331.5370954371966 333.0349537330992 332.94398046503335 333.94603675210305 334.40248801802056 335.2256009237892 336.3719478897857
370.76351638203306 371.0555628467577 371.9775972539152 372.3403926918916 372.40521580220417 372.70274835860187 373.94147524663356 375.7290676215952 379.0220362465543 384.3418710342498 389.5751109374205 384.6549884809434 380.65329971519935 378.07426510001636 375.4668403919619 372.8585318259026 370.12673029005447 368.8763295166914 367.0333680965864 364.6765882789938 362.7577149789574 360.3642867573096 359.12138640592593 357.0690472418449 354.1648142880551 351.9338976696286 349.1431755407767 345.66075895571515 342.5273730357283 340.62016699175234 338.3980600308922 335.13404963327315 332.5803356284694 333.3535544463458 333.53574702897106 331.40126849640774 332.3078641453947 333.99165480203385 335.40877365860376 334.58523616537923 336.50974993661373 337.1995191970622 337.93664732485564 338.25957961841806
371.7701112138831 372.5891851187369 373.22272417820585 372.86414709712795 373.06725840828136 373.0100108468269 373.89870773515787 375.3053328599604 378.8677387964667 381.78280987970317 384.77731915890666 382.6545930049469 380.0084838110986 377.38431599407414 374.99549052707863 372.1067525202194 369.8294727401075 368.969471068026 366.7445489011284 364.5804137858849 362.1830938427013 359.83841166241064 358.4528103950886 356.40172039226627 353.6421204312856 350.7499769920964 347.58759083910536 344.58288953093495 341.59601100004136 340.7130105538403 338.675165173732 336.0964971535075 334.5852361712332 334.4024880204297 333.03495373397277 333.03495373344566 334.67664594115877 336.4638102606851 337.19951919709354 336.3719478897983 338.3980599838597 339.646528729021 340.43453980633296 338.767576083201
373.06373368674 373.88183980696823 373.8905267296011 373.6232032289134 373.5252383549286 373.67446608599363 374.0311630357022 375.2270345960145 378.22095208817285 379.2387295824126 381.28554928240493 380.9454150585164 378.99549852049967 376.7484847278475 373.88435707269787 371.0939404776619 369.6210869956744 368.72360405547226 366.55073616168403 364.3401440930827 362.0392792937655 359.7905468442184 357.880031261062 355.11602559439615 352.78753647639394 349.94608067505004 346.74083648806436 343.8344194383425 342.2011796885408 340.4809391590729 339.2299475875436 337.6600598497937 336.83148550241384 334.21983544696957 334.31114975792246 335.8671119346144 337.3376235049675 338.9524615070159 338.99869605177656 339.1836867665473 340.89875733503266 342.0148874231872 341.54949292213126 339.8781435890101
376.2234434043115 375.36488144664344 374.65315163749847 374.667666585116 374.3156755166625 374.9089678676955 375.7584170885363 376.70647537738466 377.8530655387777 378.9047178219904 380.0352744663677 379.71520796966576 378.07880658788093 376.1267332224681 373.4154541103617 370.5167084882356 369.45920230963 368.6208960601794 366.2606511918021 364.1955867450502 361.9911429714936 359.7426625231177 357.68914581672567 354.8781225669834 352.3605969572298 349.61535046061186 345.94231003350313 343.9279160566267 342.34094846053614 340.8058740430725 339.5076216884667 337.7983290681475 335.86711193963066 336.1882912739455 336.7855064139226 338.6289676141518 340.2489932602962 341.50298002984437 341.13105244570943 341.5029800297662 343.2271290865127 344.2085122825932 344.06819381752797 341.5960106658819
