data/DataRaster/LwrbUpWellingRaster.asc
NCOLS 189
NROWS 177
XLLCORNER 690600.0
YLLCORNER 5139200.0
CELLSIZE 100.0
NODATA_VALUE -9999
[rows 133 to 151 of 177, columns 88 to 131 of 189]
355.11598378880245 355.2587335707724 354.02218962879266 352.5502654325287 351.2705805212878 350.3241362530715 348.90701837524813 347.4460525915801 345.89488950411805 344.5822057054955 343.31960617504643 341.17645415233005 339.46014043180713 337.19834123625486 334.99569959091343 333.3981738862487 331.1743197907602 328.7414905004596 326.37295275978846 322.35328583925855 322.1342744522422 321.959209289452 322.4411265704738 322.57276530136267 324.33375310863454 326.6852715839437 328.2940261120708 330.67855285708 333.2179549528488 335.0894826236817 334.8608356748221 335.22690432321946 336.37315907952825 338.7686096214057 340.38894705735055 342.9476662221005 344.5832601991926 346.74105947479603 349.1905003155527 350.9393289614551 352.55033378323077 354.9256611399735 356.63992879721116 357.5458850313036
354.164833742112 354.5451453190529 353.9746584225126 353.02474028953907 351.41258375172293 349.5678636073552 348.38801331101024 347.3515388560548 346.1759393260059 344.8154112282242 343.50515793039614 341.7329429637341 340.01419796169455 337.9336562179323 335.864383271528 334.12623042134663 331.76188479381716 329.32477298532245 327.5320627063307 324.11243139763974 325.1739055308864 325.0854133075082 326.1951902982258 326.5513178473708 326.6850226514746 328.1592778905142 329.46105115374365 331.9905686103091 334.49425500999723 336.55618217402883 336.3265509548508 336.14291555825343 337.1079651605798 338.30615346474764 340.3884772176486 342.29459561754555 344.44262737820856 346.64693104104595 349.33205730595876 352.834996900536 354.1172709399793 356.1634306633726 357.8798535037312 359.40778548831867
352.9774440832971 353.5471295750025 353.07223743756083 352.4553110927825 351.12834100444974 349.9455674767938 349.1894576715235 347.9627642862441 346.6913263314726 345.61008022832607 343.78253564766385 342.52081788538703 342.10009617501413 340.8902790280171 338.5750135621265 335.31120009078586 332.89415050576065 330.35901132389415 328.96454280324997 328.51640215811364 328.74111843198864 328.2930475718128 328.7865497053867 329.14597215661917 329.2359585568164 330.0462165140458 331.7636668819986 333.5358621002588 335.9131368779902 337.7524258094629 338.2136392009977 337.38387835672114 338.5367837146569 338.86017716845777 340.4810749077598 342.90054693924463 345.05131928354183 347.87016206310653 349.5681376217932 352.0287011796884 354.878078239594 356.7352514325536 358.6435763803955 359.55112472198323
353.1199621024498 353.1198168459382 352.78745972711454 352.17068442045314 351.3174973564503 350.65433939732077 349.6134666172379 348.7623530515409 347.7703353343874 346.49715294715804 345.8357156177698 345.5496003343139 344.6085421729613 342.59824936167996 338.8871546425632 336.3567607658798 334.34560182934996 331.9829796570573 331.0344433732066 330.90043861298955 331.1728772632335 330.9928704784123 330.677138610328 330.9937525070645 331.40107507062066 332.1716291459511 333.44462002093894 335.1340734838287 337.0155101392705 339.64659894697576 341.270567616391 340.6202481454021 340.8523896869155 341.27055555597076 342.2012338745365 343.5073628392094 345.6607868792886 348.38846348202395 350.13514846930883 351.8391078848324 353.4521110120885 355.73477570153665 358.21391816597657 360.3158618241966
353.78507341266095 353.6897630280693 353.0721874029831 352.5024687520253 351.8381769958972 351.17403797366023 350.36781829130626 349.5139811638456 348.61212903745934 348.88705939854043 348.49890076518614 347.1212947116382 346.0296028496158 343.73054541554313 340.2919774534333 337.804968976941 335.79264874333336 334.15494682039355 332.79544158406117 333.16326245838195 334.26004050690295 333.71502459988443 333.3519479497899 333.26166038428744 333.4442171228436 334.1283384871999 335.40867944713966 336.78547377989315 338.39806060380107 340.7130283879486 343.46063724452483 343.69423621758 343.13379704537493 342.57401665601856 342.24778616030636 344.2553107549698 345.9423200646615 348.90722772076276 350.702658218918 352.0286892197557 353.2621675710958 355.7347745838761 357.927567732853 358.6435745519973
354.6411568673664 354.3077292703672 353.83200951283334 353.0716041023034 352.59611261228827 351.6460865265767 350.742911394814 350.12146385212077 350.2043672204555 350.13836723769776 349.12014949557573 348.09809693090847 346.84458072907444 344.20784656806296 340.4080609825559 338.8075959432647 337.63174389895994 336.13918192937473 335.5602125774128 335.70936607496145 336.58909666545475 335.86054315802306 335.4970304565304 335.2697147344316 335.63704122986275 336.32562191650135 336.87728398936946 338.07493173455384 339.4150109783205 341.7355850602098 344.44246788586725 346.17705458150994 345.56695087113553 343.9279250560867 343.36721331257354 344.7701880912547 347.0229488000915 349.3792171011065 350.9865930622707 352.36057966159603 353.97467787767465 356.44929391465485 357.73670784477457 358.40485665307955
355.3080310467163 354.92627415365115 354.44988219546565 354.06866270265965 353.16451235891515 352.59172237808843 352.3004097196521 352.0501529135961 351.3624643694204 350.044109331603 348.8025648611366 347.78138411612036 346.3883022779249 344.5203882189109 342.30098908715104 340.54695253862985 339.2275157204623 337.9997729802189 337.446630379737 338.07420772181854 338.832656200839 337.60073424123664 336.6872849020452 336.4148813309472 336.73809916739367 337.61329592234085 338.49009015586205 339.60007831314675 341.6424699099175 342.7604839146491 345.0512418386824 347.7759251389752 348.19991181283734 346.97591865453035 345.75459429451996 345.42624998420007 347.2581459834721 350.13513805542283 351.69694551531944 353.1672127563647 354.45002825744535 356.735247447342 357.2120150813226 358.35711879685005
356.0711527191132 355.5930364820719 355.21097648326423 354.63864044007727 354.0655060626806 353.44235689201804 352.95580309258617 352.31468946445887 351.1298978046602 349.5320183770007 348.54516345776915 347.0896076032133 346.5440964515916 345.86354575685385 344.5044497832845 343.0250616374878 342.28719398235114 341.13512812636696 340.1602726694939 340.33196755706484 340.98238624393537 339.75969423255094 338.70974700626465 338.6235942550859 338.9962193450011 339.2288411971258 339.6460406708004 340.8985397179117 343.32041079788314 345.8014725088196 346.03617497217925 348.3412995914265 350.37154154603263 349.99333389381763 349.23757879628545 348.90722057095167 349.42643346633525 350.56072932854016 351.79171270586585 353.49959966941856 354.7829316746392 356.4969468379722 357.7367076405768 358.4048565406998
356.26355235560357 355.78414925305356 355.35375763917233 354.828226642147 354.34875803376536 353.8648973686799 353.3707728853773 352.75950583077787 350.9196205955404 349.75973214904815 348.8963598770132 347.597699809724 347.32426613531555 346.1825453569777 345.2006208123402 344.62188581346555 344.215232658929 343.44475290142475 343.18324014291 343.15198390665654 343.354400927114 342.06127996387056 341.34291591087907 341.586773060353 341.91769895124685 341.8734826750347 341.5952865562352 342.5736792364209 344.91056045779027 347.9171621067024 349.0487569865376 349.4264237417737 350.79728259409507 352.59773380929255 352.02868591426994 351.41271704877727 352.26573691828196 351.6969447866903 351.88649267469515 353.1197398094672 355.06837859416527 356.687582669921 358.5003378898846 359.9812365240377
356.4564650755766 356.0230783245888 355.5918036402413 355.11296124346416 354.6318543681645 354.2868231267464 353.9733917547034 353.2910958337115 351.77162952734807 350.5712537229319 349.65040322900546 347.6994794190091 346.01090594691476 344.07868277712225 343.2810483369323 343.5418534304843 343.7993706638776 344.15801780554864 345.0784824545699 345.77666268020215 344.73544451576475 344.03923586593754 343.66174345499485 344.1008628030658 344.2025656823246 344.39318239207785 343.6464799709313 343.7872675970199 345.4729686059743 347.54044112241814 350.37151374765256 352.0760784850625 351.933882826275 353.6895954920623 354.0221994197452 353.7371034116752 353.9746770489686 354.2598553511173 354.4975777228878 354.7353660599042 355.44911632802496 356.06815026029824 357.0689616710014 358.40485651480094
356.55417943281554 356.16679119420854 355.73468716179366 355.2550487900799 354.91515656815557 354.4712610228757 353.95794857327013 353.3927320375355 352.42298944665146 351.2861424650628 349.4259985350149 347.1149345543553 343.2382752202187 338.6298282186463 337.2495989140554 339.94987863257876 343.166375264079 345.06467936844524 346.98516963095295 347.6637631833084 346.7118215472561 346.207579708522 345.8027839384242 345.8764230959278 345.69994160133416 346.54963347287884 345.4718780272229 345.75408064498316 346.646621531 347.9642414607779 349.99329975510676 351.7916988744937 354.11724875211536 354.21231682891516 355.8776341993437 354.0221997107064 353.8321246056597 355.9252601910796 357.1643283670943 357.1166439364721 357.0689616688977 356.8305831631998 357.4504800324888 358.1184591504584
356.69901783562796 356.405627955055 356.1633890682121 355.254556361387 354.53304234593077 353.94389697503783 353.23314266438575 352.97978326499134 352.38072815470116 350.99230629816685 349.0354419384114 345.4134310420694 338.8878572831343 329.635214804328 325.0466228268679 332.57774305156664 340.43143256984195 345.3998105707724 348.0821277725447 348.8310627236374 348.7983093669724 348.4832036508837 347.3431741112032 347.65880657038576 347.4842273640333 348.1490488240587 346.8804130992395 346.74025544253726 347.72860286948907 348.8599468132322 350.4187972835108 351.88647785850895 353.262159964811 355.97288563984375 356.30634649651154 354.02219965251925 352.3605781565764 354.30739441351716 355.97288783583826 358.8345825528539 359.9334394888719 358.9778582992851 358.97785829916796 359.21668769253665
355.6038364394902 355.8817931218296 355.40145440873135 355.20678016569997 354.77029652848523 354.08488691293655 352.9436749057943 351.68605308262863 351.39627156923245 350.891260918862 348.9793846083194 344.968882565638 336.93000060703764 322.4595023118366 310.8905733789088 327.27427586407697 339.73711811410186 345.5531110340019 347.4207568125998 349.26946604621196 350.5591252461928 350.4061623020083 349.03456011056727 349.07124609662526 349.32206599272445 349.2808302836121 347.9156778778032 347.63405821093835 348.71827908499705 350.182313835197 351.08122451264813 351.98127003055174 354.11724809716685 356.68758036007563 357.450479152267 355.25872704753124 353.8321245538833 354.3073944035361 355.4967197057566 357.3073945867962 361.1288388355174 361.60725749683684 360.9375110751161 361.320189571201
354.365785941146 354.5489210074609 354.3072575803239 354.3507092511465 354.10512031932836 353.56373568807527 352.75832224465387 351.6987077771523 351.0534024242446 350.237257211415 349.0354419325444 346.09072857799697 340.0439447672796 330.36114803279594 325.7524070257654 332.5000691637438 342.20725691151546 345.86727290616454 348.49347084435647 349.48365750702135 351.53106385236384 351.9297423108121 350.0762186079051 350.15856973068463 350.83497652492264 350.84075787775964 350.65381131916547 349.37861298658197 350.65510163510106 352.2182252878007 352.45539443797463 352.8349510927369 355.020791897288 357.3073923837709 357.9275663364775 355.87763460967915 354.45002775817613 354.5451300504742 355.35391685475656 356.44929344405557 359.6466924182758 361.7508097687486 362.9954017547349 363.57008680785776
352.5114098335179 352.7905301159797 352.88218909355487 352.8311861009375 353.0616438035935 352.76093727391924 351.6796706160693 351.39998869882385 351.00134961718544 350.38880579977746 349.51944089934824 347.94178809653135 344.84817565472156 341.01499076067824 339.45654155501927 341.8748245719051 346.6603631915869 348.30430373356603 349.786086662854 350.65416210554395 352.3575527302152 353.8064082826437 351.5990445603099 351.0605563255193 351.2622065347241 352.4994427487708 351.9325137574 351.0807153352153 351.744108298533 352.97725281850177 354.2122845702773 354.8304861005202 355.6871526348335 358.2139150445434 358.3093820912294 356.30634702519274 355.21113627324735 354.78293146649736 355.21113637997416 356.11578497586737 358.1184591479748 359.40778342107933 360.9853408400268 362.9475182208139
350.9452685840709 351.3201484759186 351.317701673619 351.17285838674655 351.4989729142295 351.8183732844136 350.84304095190686 350.68407933716935 350.54183550192556 350.38276581627514 350.071904428823 349.87191301998945 348.83007804286285 347.60682208385685 347.6846176685847 347.97727955193557 349.2880121016437 350.40770171566436 351.50629486445666 351.86106473828323 352.5823392723422 354.9798949741893 352.4641395522925 352.201994693306 352.11670782063214 352.92708517594843 353.7834753694728 352.73960260046215 352.8347797170657 353.1671375813338 354.64021318329253 356.1634103790583 357.16432375984914 359.2644571838403 358.73907395026737 357.4981791180337 356.06815013028455 354.9256434452745 355.0683785108615 355.92526020231435 357.1643283659631 359.02562056251463 361.22451139031324 361.84651793948956
349.8081813027875 349.4277761218999 349.52056611505424 349.42411834377606 350.1289613352072 350.8771894242088 349.91259815330244 349.82442562405095 349.88058376183733 350.0893336762988 350.3022306279375 350.61817838163495 351.13548715915 351.4570447229908 351.7725038548608 352.0782345530747 351.6032141322986 352.19827772824954 352.917407118178 353.1795069650791 354.12969741517594 356.1049966976697 353.61517571090144 353.39287609934985 354.1597829540209 354.44792298691794 354.7820564492021 353.26180225537803 353.0246547062039 353.54703424719105 355.16352366455214 357.2120053538849 358.45259242421514 360.1246359371426 359.2644583640933 358.404856267784 357.2597036073906 355.4015153117807 355.1635479065423 355.87763495031834 357.3073946046308 358.8345825815625 359.4077834659391 359.9334395720728
349.0039069388827 348.1064443112156 347.6814674327604 347.63306937688606 348.43145938271715 349.32241086468935 348.650448241118 348.53268774607824 348.9576709395714 349.81482712125256 350.23718812159245 351.01972753884917 351.6273188368746 351.80619295719714 353.08618384377445 353.43514860889667 353.2224633607319 353.50800457683664 355.46577057683135 355.874679153999 355.80296737911414 357.31987563216785 355.62256781617816 354.5849139902256 356.63656585615996 356.4954873621838 354.9250100833342 354.1169858248613 353.7369915967428 355.30627495569746 356.11576624024383 356.8305755565058 358.6435712336684 360.9375098891343 360.65056324869903 359.6944791843538 357.8321332339947 356.11578495352336 355.2111363932426 355.78239163009334 356.73524726528973 357.35508767102306 357.97528727346366 358.4048566832272
348.05982796187993 347.1644746646856 346.1768268503524 346.17601675408883 347.25556123028105 347.5347703352899 347.05796374443867 347.5629476184639 348.24577443534037 349.8080461273744 350.92524827564216 350.792141779179 351.21853737625037 351.9506432677874 352.87897992262185 354.014965400584 354.86052927569807 354.9040299527524 356.84532788344995 357.5683442701057 357.9362189256493 357.4779847318783 358.29968602190473 356.0157522888922 357.16218252758006 358.40391560634686 356.30592084569395 356.87807136514937 355.44903716097406 356.30631421387636 357.35507391518286 357.6412844190791 358.595824584963 360.7940297469751 361.415873001229 360.0290350282454 358.26164894558906 356.5446022972426 355.5919339437159 355.9728878740765 356.40164250793435 356.68758274229236 357.21201516448696 357.9275675627924
