data/DataRaster/LwrbUpWellingRaster.asc
NCOLS 189
NROWS 177
XLLCORNER 690600.0
YLLCORNER 5139200.0
CELLSIZE 100.0
NODATA_VALUE -9999
[rows 133 to 151 of 177, columns 44 to 87 of 189]
357.0212815697508 357.0689616592191 357.0212815697508 357.0212815697508 357.0689616592191 357.25970370225843 357.7367075837727 358.83458255322086 359.83785041579296 361.08100471955333 364.0011943379112 366.3494486442147 367.69187522440797 368.4590628286313 369.99345086429986 371.91107567151613 373.1091481555253 371.1920457595068 370.1372925209237 370.4249687451328 369.7057617854466 369.22626723711414 368.84266547699815 369.8975558266766 369.03446759703235 367.3562475681803 364.9594677105731 364.6240405269011 364.62404650573194 364.28866388760514 362.94755665885566 362.56454904434935 362.18162209192917 361.9423465769652 361.1768209731302 360.5072834363247 359.4557508972042 357.7368980949289 355.9254358788219 354.54527956827053 354.1173733552409 354.7354561170684 354.78299422377023 354.7354059712515
356.9736036660494 356.9736036660494 356.92592795673534 357.0212815697508 356.83058315573925 357.59358443596494 357.97528717109464 358.8345825532214 359.8378504157941 360.8418559803368 362.2294018393936 363.2827256148572 364.8157028338822 365.7262905458229 366.49326619485936 368.3152127638606 371.1920457578512 370.5208584315013 369.5139654433867 368.8426652544517 368.60291358581907 368.79471506615477 367.7398237489517 367.6918762503492 368.26726498262457 368.4590669304092 366.06183465432935 364.2886565749899 362.4687746328503 362.75604703380526 362.37309029141966 362.13380923635793 361.846719427952 361.08128540205706 360.3162242662698 359.12158442615066 357.16480236754165 355.5924056964297 354.8309330491552 353.8324892794104 353.4049032036155 353.49980917538295 353.49974207572075 353.499688534257
357.4504800272628 357.30739459116285 357.3550876140576 357.49817940028964 357.59358443596466 358.40485650761997 359.1689182031547 359.7900583852857 361.0810047195519 362.0379497281184 362.9954017495338 363.8095815721381 364.0011943381053 364.576117020219 365.2470038420661 366.39738737918697 368.02751537475183 370.32907779592506 368.50701302674315 367.59597987403436 367.3082994551902 367.45213877751814 367.6918760693038 367.0685750334076 365.3428600752244 365.9659642630849 366.6850448167577 363.57011917601704 361.7030195368823 361.894484792228 361.89456367812846 361.79897096483535 361.464187698683 360.22092085304246 359.2175785690605 356.68865191901256 355.4502842896023 354.7365334757692 354.4035507349998 354.21321763350784 353.92784893325324 353.54758565008177 353.16753482363606 352.8351611322888
358.78682767323954 358.21391707912034 358.1184591468086 358.2616490037881 358.8345825532197 359.79005838528366 361.1288388356921 362.08581087667517 363.3306166059052 364.0970061736175 364.76778413370107 365.4866393798399 366.109762109926 366.54120626217855 367.0206289350395 367.7398232622468 369.03446651741433 369.0824167684721 368.60291353279905 367.1165179203918 366.15769872149366 366.01389163715425 366.39738881275434 366.3494518013566 366.2056420850011 365.34287073467834 365.0553376723305 364.5761780225091 362.8039953766764 360.9855704465494 360.1250472426389 360.2209344958287 359.7433559634282 358.93169605437924 357.5480329698167 356.5472369903238 355.1664442679572 354.69070856003384 354.54777852408614 354.4997698953156 354.40413384451966 354.0708655665371 353.83285254274523 353.40504447955885
361.7029576766867 360.4592958522466 360.4114827584663 360.31586128243504 360.98534082911516 362.0379497281039 363.1869467514526 364.09700617360147 364.8636222845514 365.63042827586673 366.25357257807354 366.97268500188835 367.40419175133115 367.64392740149225 368.07546462223456 368.60291348680374 368.7467644889064 368.5549632455894 368.123414085774 367.73982343993447 366.4453269965556 365.4387120048513 365.19908104342574 365.3428613582629 364.8157145589676 364.9115679064127 363.90544101796166 362.85186973053624 363.47452471738785 362.1819870105769 360.07768190486024 358.8838252104345 357.930001405344 356.9296079045796 356.1685081712302 355.7411549562931 354.9327787527984 354.7425646422204 354.8370221188218 354.88336610402695 354.88195467811795 354.83309986899155 354.7369698773308 354.2607637122555
364.57611701971393 362.4208736650194 362.6602403056397 362.2772679697215 362.8517544125003 364.04909980879245 365.0073850516238 365.43871098586186 366.1097621096475 366.7329707112155 367.2603534623692 367.50008528093804 367.7398232587655 367.8836685318095 368.2672629156941 368.5070130005048 368.41111274747243 368.1713635720376 367.73982336744734 367.73982351975553 367.16446334065205 365.67836063380514 364.28864400837136 364.19282989962767 364.0012133776986 364.2407729479926 364.0012875866527 362.0381547964147 362.27769342521816 361.3688945220685 360.2219256350813 360.07990823327265 358.88763190656886 357.7450900517026 356.79495510121785 355.9407327137936 355.1811373781019 355.1337853641493 355.22707381948135 355.3665435741627 355.31524864799377 355.3120586183912 355.0717595495281 354.6896448086112
366.3494486441738 365.0073850516218 364.09700617359744 363.5221907586219 363.9053861135592 365.3428561093077 366.1097621096367 366.3973873764055 366.8288553177832 367.21240793722114 367.50008528083515 367.64392740079876 367.9316173152647 368.12341401080505 368.0754646239369 368.219313174517 368.2193131890825 367.7877715539289 367.59597994471096 367.3562457413558 366.9726858850656 365.87009043855255 364.81570806129315 363.42641422619585 362.7081466697775 363.42646895666735 363.8097326290152 361.6076018777048 361.17742159988893 361.03473910722903 359.36319914469254 359.55724635748004 359.60994813688586 358.9485631635914 357.9555080676878 357.05869128775066 356.06396276563504 356.1123461869192 356.1545807143525 356.2407439001803 355.99290628311286 355.6993466434063 355.40834276088873 355.64313049609717
367.3082992789761 366.1576984362974 365.1511542523829 364.52820220761953 364.6240326273209 365.24700384087225 366.30151037504265 366.7329707111898 367.0206289333747 367.2124079372294 367.35624537833354 367.5959797963005 367.5959797967814 367.69187522631626 367.7877714983318 367.8357199329842 367.7877715246572 367.73982333621933 367.4041919450451 367.1165182785836 366.73297189771546 365.87009121495464 364.9594706229983 363.9533073956858 362.2294447525659 361.65520871371757 363.1392914648226 360.9380567226024 360.4605235472943 361.75345378130464 361.6128414116914 360.23169974715074 358.4268719605669 358.92129814793407 358.9925362299589 358.1111631003811 357.31818738932134 357.22478691040243 357.3047540556577 356.8980969333512 356.49230961642854 356.37876162651503 356.7007938420785 356.5988191231528
366.82885531776685 365.96595621448665 365.9180219743954 366.013890989725 366.15769843629766 365.43871098585777 365.91802197439887 366.5412062614843 366.6850289898101 366.7809128235749 367.0685732018949 367.21240793755294 367.21240793812694 367.2603534646853 367.356245384268 367.50008529598796 367.50008531912135 367.6918753203101 367.3562456196691 366.87679879175636 366.3973888957294 365.8221589290066 364.7198756960576 363.5222144195254 361.9901484142738 360.02917847476346 361.22485112467155 361.8951688046594 361.89621500163946 361.8985481909239 361.9035786073705 360.957375043653 358.92328416860033 358.67340507730205 358.92015555710077 359.13043786554766 358.89635857784873 358.377212066695 358.1895790566748 357.35881301360945 357.20423282248305 357.3545999235849 357.28324724980826 356.65094496280716
368.1713635271065 366.68502898978727 367.0206289333551 366.9247414159017 366.63708766835697 365.6304282758419 365.19907870714906 365.9659562144966 366.2056352621168 366.2535725780738 366.63708766852307 366.8288553181917 366.58914675700015 366.63708767112837 366.8288553248022 367.0206289511745 367.11651784296737 367.30829939262657 367.0685734895149 366.2535733119516 366.013892838356 365.7262951900187 365.1032421773951 363.80961117397015 361.32026480155986 359.8858307191001 360.2207011013448 361.7518949437703 361.8969577366392 361.661195342184 361.5256008917363 361.54296380933084 359.28622268718516 358.0217063693743 358.8138027041823 359.07811379654675 359.1776446781822 359.1002880952242 358.7820301995449 358.37067250210316 358.0440835531409 357.72298999860413 357.3455201176929 356.9429085949551
368.5549632135992 368.2193131645988 367.45213838813027 367.0206289333554 366.58914675591274 366.06182629111026 365.2470038408755 365.6783591161095 365.5824980337263 365.4866393797912 365.630428276024 365.82215513612346 365.82215513685844 365.91802197747677 366.0618262989725 366.3015103950497 366.54120631228955 366.5891468850482 366.20563559185604 365.1511551013306 364.7198683540807 365.294935048849 364.86363597097187 363.61801880434126 361.2724395710944 358.73930094923577 358.69188540677436 360.36504977296937 361.03652201288816 361.47176955220186 360.62215252535634 360.55258617413125 360.6584291345239 358.15800142076733 357.96977124238276 359.4617897907954 359.82466259484073 359.78517139696214 359.2269338999011 358.5704662718636 358.10381432262665 357.71870198009816 357.31472863309347 356.9493548744662
367.73982325825483 367.26035346228633 367.11651779787337 366.58914675591245 366.15769843629795 365.6304282758422 364.8157028337412 364.9594634024609 364.8636222845704 364.28864039322065 364.8157028339314 363.9053861140633 364.86362228582703 365.10323048885306 365.10323049400415 365.5345684201811 365.67835917102127 365.4866395203066 365.0553077761732 364.09700710278764 363.6179861996072 364.43238097411154 364.3365662187961 363.3306553478639 361.3202893603712 358.9303516148809 358.3577550092286 359.7438537784214 360.3675915926687 360.3255221498503 360.4828412491001 360.0383077122944 359.92574770059485 358.3874606665832 357.52605498299033 359.4352767817905 360.97555848708447 361.0629344306784 359.94679701264937 358.6666376219535 358.01969928806955 357.6622954003896 357.18575885906347 356.90680243512884
368.267262912605 366.63708766835634 366.4453265627014 365.96595621448694 365.1032304855602 364.76778413365327 364.1928215491896 364.1928215491969 364.1449134234045 364.04909980886873 362.9475182021134 362.75599509055667 364.0970061749147 363.7616807080718 364.240730550767 364.48028822219106 364.5761170765115 364.1928216950649 363.47429608549623 363.28272657485036 362.46874710056284 363.76168689063354 363.3785243949786 362.42091404781286 360.7941341938819 358.9303608572759 357.6419502970277 358.54974013633455 359.4119166205923 358.7970928814225 359.9107981250766 359.70811477581594 359.6990648732082 358.5178827050587 357.09288993160993 358.76981492556496 361.53166763955267 362.1621488997718 360.1637935842952 358.3644972184391 357.00838539652494 356.76945906431865 356.1891327145895 355.71704641003004
367.78777149331063 367.6439274005393 366.5412062614755 365.19907870714525 364.3844626339364 363.33061660589857 363.04328638714554 363.3306166059084 363.1869467514802 363.04328638721756 362.1815369413627 362.6123646379316 362.8996357545833 362.32513532671214 363.186946760005 363.23483568225976 363.0911721621077 362.5644902745368 361.9422316123221 361.75081071013653 361.70296008076053 362.94752424428077 362.4208890553787 361.4159126231219 360.36377090782804 358.35737038386657 356.8788812263453 357.40435138469616 358.36102304907115 358.6531928730335 359.6223099596187 359.27319047925556 359.4459831323746 359.00104707732487 356.5363045511824 357.55821831286505 359.8544763329763 360.4610044955696 359.29421535912866 357.86965422224586 356.5241539791975 355.46120166930865 355.1340243386373 354.4769907202933
366.9247414159017 367.06857320174794 366.6370876683566 365.5824980336989 363.85748337798697 362.80387418845754 362.325135323365 361.8943739234187 362.37300389144485 361.2245113658219 359.45556174799566 360.55492670787555 360.88968278782903 361.0810047227128 361.9422312506959 361.79866319699914 361.3680308258085 360.8418561154395 360.36367157671583 360.0768363619809 360.3636734509114 361.89437948616484 361.41588743748025 360.84189145226765 359.0257098922719 357.8323557127233 356.9741527373468 356.26004696478674 357.5014920617427 358.84261152812326 359.1880294230584 359.11804063038375 359.27031939013597 359.3420169605309 356.937943598511 356.1662058256667 357.6970584798753 358.2366010750175 357.71838582017034 357.2460546812638 356.034235432654 354.46802423137245 353.6439788449991 352.99828929137146
366.4453265627014 366.58914675591217 366.013890989725 365.43871098585686 364.2407305420898 362.4687446352985 361.36803077292745 360.50711050482926 360.6505637273997 358.97785829656556 356.83058315590984 357.11664392626824 357.2120149570989 359.3122320173425 360.41148276577445 360.22024616561833 359.02562059697954 358.4048566275907 358.1184594502232 358.1184599126037 358.69132544606316 360.5071153285219 360.2680649752123 359.36003688219444 358.1185334239524 356.78309548685024 355.83045042561463 355.40256702236354 357.16687987703347 358.93611697210764 358.8006660119016 359.0565217447544 359.23519304447296 359.15982952492493 356.9808318190083 354.965483588161 355.42487764516216 356.0218627118731 355.96260309400225 355.71780072349037 355.12066606134374 354.1899111663222 352.58302042275295 351.8535818949305
365.9180219743954 365.8700882784513 365.4866393797197 364.76778413365184 364.0490998087919 362.46874463529815 360.9853408291186 359.36000683479745 357.9275671933141 355.4491163003217 353.92715684676483 354.1172539942709 355.40151534872297 357.3550876165421 358.02300916804063 358.3571187427002 356.97360370619134 356.25870335918734 356.40164269949673 357.4981800353669 358.7390762443637 358.16619105281643 358.548091118717 357.9753109051782 356.6876400100608 356.2111992897636 355.1638725676891 354.83125878640516 356.5940530730119 358.7909268173964 358.17520997840484 358.6627284844466 358.53897085545555 356.8547834353651 357.38290336918243 354.43110777338364 353.61108381445297 353.90350283872453 354.05973904579184 353.90992670626105 353.5272000641082 353.255397177089 352.80784012899693 350.9956867735725
365.1032304855593 364.91154247710017 364.76778413365184 364.3844626339358 363.3785086247412 362.94751820191397 361.2723497620229 359.1689182031616 357.49817940030977 354.925643488151 352.3131559775766 352.02868606284505 353.4995994174963 355.06837852782553 355.2111364024678 356.4492934627017 354.97321931505786 354.8304996757775 356.3063475447245 357.16432886250766 357.35508884824117 356.21106449501855 356.878261754814 356.4016599755542 355.0208388621528 354.6878997744689 353.83234593618545 353.73760670792416 356.1169483503419 357.59614484693356 357.98067962318737 357.9384120815153 357.7095594672077 355.6748308314259 356.64926600709737 354.52639471369474 352.2074697392065 352.1614372319043 352.3875811294138 352.41574971702823 352.11151423404755 351.38551484276826 350.94996889822096 350.187656190593
364.33655109340856 363.90538611355896 363.61798382319563 363.42640166241785 362.27726796972183 361.2723497620209 361.5115627027597 359.0256205496538 357.6889978001514 354.92564348814244 352.12349715140687 350.6553416792564 351.1286038401047 352.2183204801273 352.4554319057621 354.0221999828902 353.1672121869377 354.8780703184584 355.83001223691696 355.97288822084585 355.7347744714223 354.6402449936849 355.6871631241134 355.3063330976001 353.0722977069736 352.59779747269675 352.59787579960283 353.07258383524754 354.7360610823597 356.49842877641925 356.59523625777047 356.55028167721497 355.1735328054367 354.22851823316927 354.2842256808853 354.6255936232296 351.87422770264845 350.92610103659 350.779892189364 350.44157446591896 350.1032385504521 349.2467610637069 348.7236597442322 348.532596264563
