data/DataRaster/LwrbUpWellingRaster.asc
NCOLS 189
NROWS 177
XLLCORNER 690600.0
YLLCORNER 5139200.0
CELLSIZE 100.0
NODATA_VALUE -9999
[rows 38 to 56 of 177, columns 44 to 87 of 189]
370.1372925082604 367.5480324196991 364.1449134233745 362.7081171261392 360.7462068418188 357.68899780013476 354.7353660210016 348.247037959978 343.1804463333899 338.9524615069282 335.13404961818685 334.76807944398365 333.17145995844226 329.5058386687795 327.9353123762387 328.5625214595028 330.1363603640072 333.5813104507542 336.2801082078751 334.44816611206437 330.8585402926939 327.8905633892516 326.9524431629124 327.9800682786556 327.7563579833977 327.17552518569875 326.59587894688883 325.9285484184981 327.7563579833977 328.2039513029264 329.28096937438187 330.2716411419329 330.3167479106471 328.87662889255716 325.6176800597261 325.5289255479759 324.90845824416374 323.4956680701229 322.83606087505694 321.87173693031747 319.3475099504262 319.6507430044894 320.30184685516264 320.56278874951283
373.0612341387823 370.6646905115879 365.96595621448665 364.4323750057791 363.9532897698386 360.7940306624661 358.21391707912034 352.31315597745254 348.1056648686894 340.5273432986402 338.5365885523531 336.87747017988374 333.2624949117387 330.1363603640072 331.4918133813826 330.5423802820448 332.80756702169566 333.62687997055144 338.3057343722016 335.04252176163544 332.8985031159812 332.1263421348048 329.41587082549495 330.58752641627547 329.55083263394107 329.82093662918993 329.41587082549495 329.7308753014404 330.00113901471633 330.1814473621173 330.7681762687375 330.99413505331506 329.7759026378515 327.4434552418278 324.7756873219098 324.51034402527216 323.7159139595464 323.0557408087871 322.2219705816917 321.5656880907085 320.69336633032657 321.60938609780857 321.6530918660982 322.04679211379613
375.12068328257766 373.3966147024706 370.8564616405004 367.35624537820814 365.67835911609876 363.85748337798634 360.8896827865928 355.0207976314355 349.8043110983972 347.11701216139636 341.5494929221301 339.1836867665326 335.13404961818685 333.62687997055144 334.0829090010183 335.5462143473443 332.8985031159812 337.70614411082755 339.3687611855762 336.96945632249805 336.0047258626284 334.17418728666007 332.08097739883374 332.35326038101357 330.677838292475 331.44653773215276 331.26549933286304 331.89958172206025 332.7166557775277 332.48948674059034 331.31074928981604 330.22654095692366 327.84582132394934 325.1741978366178 324.2894275934072 323.8481513997838 323.58374391447376 323.4516414210099 322.83606087505694 322.2219705816917 322.2219705816917 323.4516414210099 324.0686964743841 325.7952758479103
371.86314413762966 370.56880279031066 367.8836685305485 367.59597979598453 364.9594634024495 362.8517544125 361.79866317632684 357.3550876140573 353.974677043575 351.08126293390393 346.4588675434003 341.2704886026611 338.90623223034083 338.5365885523531 336.6016462342637 338.998696051741 338.2134302423575 336.96945632249805 340.8523131531544 339.2762135424358 336.7395329381395 334.2198354447448 334.26548960381996 334.0829090010183 333.17145995844226 334.6766459409862 334.76807944398365 334.5395401926575 334.63093808378693 332.48948674059034 330.3167479106471 328.6073735185042 329.59583328621875 326.9970454882047 324.4219552619324 324.0686964743841 324.33359607821683 325.9285484184981 326.10634584202256 325.12988963416257 324.15696663756313 323.58374391447376 327.6669224045305 328.9664350154954
371.19204575391115 367.0206289333551 364.71986619324736 363.90538611355896 362.4208736650194 357.9752871710938 356.9736036660494 358.3571187267255 356.1634220690232 353.927156846617 347.30519576149237 343.32050831568404 341.9217700752751 342.6672403203319 341.0381195911845 340.20261925832364 341.9217700752751 340.01717401377175 341.45647199629707 340.01717401377175 336.8314854958711 335.9588488148724 336.23419689299425 336.0506086392466 336.18829127161166 337.0614647835742 335.86711193418324 334.63093808378693 332.7166557775277 330.1363603640072 328.51767622786406 329.7308753014404 333.4901897091471 328.83173600238507 327.48813473125983 324.4661459490897 325.75086607031824 329.19106869091013 328.78684990155045 328.5625214595028 327.71163672063466 327.5775146372193 330.40698117317595 330.6326790885972
366.78091282351727 365.8700882784513 360.6027444511767 357.78441942356767 359.8378504157898 348.3413053648666 347.11701216139636 351.64956542466166 352.1234971513047 353.07227012811893 350.60803356818224 345.84844131305783 346.31793875879515 344.86385371271496 345.9892474343937 345.05125004970336 345.5200389723665 344.2552939436079 343.3672047763506 341.64253325344816 339.78548223078127 339.600221200848 339.41504281395424 338.4904070190962 338.4904070190962 336.0047258626284 333.6724555805688 330.99413505331506 330.7230040213699 329.6858546264038 329.9560784682306 331.94492113783497 335.7753980536066 331.5823838927963 329.23601566665354 326.5513403101889 326.19528758602684 328.6073735185042 332.9439804650227 332.48948674059034 332.1263421348048 329.3259298076995 329.28096937438187 332.7621082899701
364.2407305420892 363.5221907586219 356.92592795673534 355.78239161850854 357.68899780013476 351.412716897769 344.9575433018964 346.8348546900279 346.22400652769295 350.22968906775554 352.170907289276 351.886492522293 349.28478637886377 349.28478637886377 347.7288358573472 347.4934416596266 347.2110961421631 344.9575433018964 344.72335163832815 344.4424645769911 343.27381641650277 341.13105244567225 339.1836867665326 338.39805998385356 336.7395329381395 334.63093808378693 332.03561898289564 330.7230040213699 334.5395401926575 333.5357470280101 333.9004247444982 334.72235973003137 338.4904070190962 334.63093808378693 329.41587082549495 329.3708969602055 329.59583328621875 328.38318156031136 330.99413505331506 335.31717562256506 335.5003949757982 335.3629717269143 336.1423913508089 336.7395329381395
361.7029576766873 353.4046174205021 357.59358443596466 352.0760900729449 354.0697256256675 354.1172539938936 347.54051280813405 342.24776423341314 340.66658614315855 344.3956653358113 348.6713579308951 347.16405219295916 345.33247261780843 346.22400652769295 345.37935788576857 344.3020800113363 343.55403607975137 342.3875472316733 342.6672403203319 342.6672403203319 340.3881456037877 338.72136795276276 336.23419689299425 335.91297750303875 334.0829090010183 331.5823838927963 330.94893031190094 335.22560092378836 338.6751651271528 337.38366932812335 335.5462143473443 335.13404961818685 340.9916605615455 336.18829127161166 330.1363603640072 332.67120949111654 332.35326038101357 329.7759026378515 329.6858546264038 331.94492113783497 337.3376235047721 341.17752625548934 341.0381195911845 341.2704886026611
359.31223201447415 346.6938294894129 354.2598553057874 352.97733966323074 350.2769703493043 352.2183204785197 344.34887047799793 346.0361910517143 340.8058739355397 340.9452064736574 343.3672047763506 345.1918422067126 343.0870945885609 343.8811646959354 341.2704886026611 341.45647199629707 340.8058739355397 339.1374312221857 339.4613296370458 338.998696051741 339.5539188378725 335.91297750303875 333.5357470280101 332.48948674059034 332.8985031159812 330.3618612565637 330.7230040213699 334.951017409939 339.1374312221857 343.64747889990406 336.6016462342637 335.5003949757982 342.90044635964824 336.18829127161166 333.80921888354726 335.91297750303875 334.2198354447448 331.0845639669075 328.33836370128745 331.26549933286304 336.7395329381395 339.5539188378725 343.78767691693463 345.6138473536639
356.2110614978029 345.2855915767416 349.3319982905079 349.4264327440753 346.9288913714287 349.66258050720705 347.44637437269034 342.6206130886494 337.38366932812335 337.66005983307986 339.78548223078127 339.64652872901854 341.17752625548934 341.17752625548934 339.8318103457929 338.0288866606326 337.5218398598929 336.8314854958711 337.70614411082755 338.6751651271528 339.78548223078127 334.26548960381996 332.39866289663564 330.90373205617163 330.0462061838248 329.3708969602055 330.6326790885972 333.4901897091471 337.1995191970598 343.78767691693463 343.4606113513235 338.1672862512886 343.9279152925082 335.72954975597537 336.3719478897854 339.1374312221857 338.121147652473 333.0804496385364 332.39866289663564 332.7621082899701 336.3719478897854 337.8905357961017 337.56790770040186 346.4588675434003
350.7972858781529 344.16173503606007 345.7545912533968 346.6468290734819 344.3488704779988 346.78784230565344 347.06997605547093 343.9279152925085 339.2762135424361 334.4938501725828 336.3719478897854 335.86711193418324 336.5097499366082 338.07501445316956 337.70614411082755 335.22560092378836 334.128545136456 337.9366473248549 340.1098864686807 342.15459924324307 344.4892681937482 339.9244819530222 334.8138050759 331.44653773215276 330.5423802820448 331.40126849607094 333.3535544440652 335.3629717269143 340.20261925832364 346.31793875879515 350.04059793028597 347.6817493428278 346.59983266295745 344.8170153721793 342.94710149008944 341.0381195911845 337.47577751287747 336.4178762426305 335.4545814105369 336.2801082078751 334.44816611206437 336.4178762426305 341.13105244567225 346.36491096987345
342.71387222095075 339.6465287290218 340.5273432986427 344.48926819375043 340.2953723232119 343.36720477635146 344.44246457699165 341.5029800297515 339.32248475928185 335.4545814105369 332.2624741960403 333.0349537330731 333.7636250439108 335.31717562256506 334.40248801801863 335.40877365857284 338.4442308271673 339.600221200848 343.4606113513235 344.34887047799793 347.4934416596266 342.80714999836 337.01545776680456 333.4901897091471 332.53490805548506 333.6724555805688 336.0964971376629 337.2455484320594 342.0614532643742 347.39931095534473 351.17594797906696 348.5298847094143 345.1918422067126 342.94710149008944 340.57375257347553 338.6751651271528 340.1098864686807 340.66658614315855 341.64253325344816 339.0449358574468 340.34175644026277 345.33247261780843 342.4341510040885 345.05125004970336
345.33247261782384 338.81378951116227 336.4178762426348 340.9916605615497 337.3836693281256 340.10988646868265 341.9217700752762 339.4613296370467 335.6837072295021 334.63093808378693 336.1882912716119 334.26548960381996 333.2624949117387 332.39866289663564 331.94492113783497 333.99165480196484 337.61398102720045 343.64747889990406 347.02294388317506 349.7098205595101 351.0339252706397 344.5360761782905 342.5273726626561 336.87747017988374 338.0288866606326 341.0381195911845 341.0845835550648 339.64652872901854 341.8752185837355 345.33247261780843 351.17594797906696 344.86385371271496 342.15459924324307 340.4809390404367 338.5365885523531 341.45647199629707 342.760508782839 343.64747889990406 345.9892474343937 346.7408339027918 344.6297052195409 345.23871477042394 349.8988154951079 349.99333368413676
350.27697034935267 342.8071499983823 337.19951919707074 337.19951919706745 334.53954019266166 336.50974993661157 339.1374312221882 337.52183985989427 338.58277541964685 337.93664732485513 339.5076216474783 341.0381195911848 339.3224847592816 337.4297206665557 331.80892193735656 332.39866289663564 336.55569526353145 337.0614647835742 340.4345398063319 348.247037959978 354.1172539938936 352.0286860625321 346.9759156524992 338.1672862512886 340.71301042305356 345.4262473727592 346.22400652769295 348.7185230021124 345.8015142091707 343.0870945885609 349.7570640926333 352.8349658047678 342.15459924324307 341.7821300034086 342.57399053354317 344.0681938175268 347.06997605547065 349.0959743567096 350.6553416790049 350.4188344557512 352.408003581331 354.3549362684162 354.8304995952795 355.9252602048252
349.1903732267198 344.48926819380625 337.52183985991815 335.68370722951687 334.53954019266683 332.8985031159866 337.0154577668092 336.09649713766555 338.30573437220346 342.0614532643756 342.57399053354425 347.3522514156084 344.95754330189664 337.9366473248549 335.8212521153568 334.128545136456 334.72235973003137 336.96945632249805 341.9217700752751 350.22968906775554 355.3539168726726 351.12860383947043 347.4934416596266 340.20261925832364 341.2704886026611 342.6672403203319 343.1804463333899 352.64517511154367 350.79728587814924 347.02294388317506 353.07227012811893 353.1672121620695 350.13513668485615 346.9759156524992 354.4024807507327 356.0681502416899 358.0230091617297 360.6983845271874 361.0331720477485 360.4592958522466 360.17244097897577 359.93343948666416 358.93009787356533 357.8798492369911
351.88649252258745 343.2271290866288 336.7395329381927 338.4904070191378 337.3376235047974 333.99165480197735 339.32248475929345 339.87814358901727 338.86000822931265 343.3672047763537 346.4118872340577 348.6241965196387 348.95440297368634 342.15459924324335 341.96832635762104 339.3687611855762 336.6935650786896 339.1374312221857 340.20261925832364 348.5770387764431 355.40151534775424 353.49959941669346 346.0831387776216 345.84844131305783 342.90044635964824 346.177046523532 347.6346666577635 354.21231884241587 349.1431720022963 356.54460231381205 354.7353660210016 356.54460231381205 353.8321246831255 361.4637173494567 361.7029576766867 361.8943739234077 362.1336732839794 363.3785086247409 360.22024614700865 359.5511236324014 359.69447937793325 359.98123650950515 359.98123650950515 359.5511236324014
352.1709072899764 346.8348546903837 338.3518944965727 341.3634705364708 339.5539188379368 335.8671119342142 339.46132963707123 343.46061135134323 343.04042561223184 340.4345398063374 346.41188723406 350.7972858781526 350.1824111768705 348.6241965196381 345.4262473727594 342.2943538387144 340.063527695669 341.64253325344816 339.9244819530222 347.6346666577635 356.3539937416443 353.8321246831255 347.6346666577635 345.8015142091707 351.12860383947043 350.7026531064366 353.2621656978858 357.2597037022582 352.0760900729449 352.1234971513047 361.4158733699013 363.8095815720499 363.85748337798634 364.5282022076192 364.1449134233745 363.90538611355896 363.90538611355896 362.5644901303765 358.9778582964985 357.30739459116285 356.6399202654236 356.92592795673534 357.4027827623044 358.4048565076196
353.78461273526887 343.2271290871341 339.3224847596006 343.7409397502834 342.9471014902669 339.09118091679295 342.527372662722 341.689060677306 347.3051957615233 345.98924743440995 345.1449738934663 351.69694459176753 356.25870325855504 354.59268515556715 350.93925970409043 347.6817493428281 345.5200389723668 344.4424645769911 349.0959743567096 353.974677043575 362.2772679697215 357.9275671932911 355.5919339369889 353.2621656978858 355.6871579253956 355.9252602048252 359.36000683478846 363.3785086247409 364.0490998087916 363.85748337798634 363.2348356603449 364.2407305420892 365.19907870714496 365.19907870714496 365.19907870714496 362.9475182019128 361.8465178983613 359.7900583852834 356.6399202654236 355.1159619572077 354.3549362684162 354.6402428332551 355.0207976314355 355.78239161850854
351.41271690133715 348.3413053668778 340.7594396904563 346.17704652428597 343.55403608014893 342.01488742340456 343.8811646960862 345.285591576838 345.8484413131155 353.214687496495 351.4127168977931 349.66258050721865 360.45929585225673 357.68899780013965 354.2598553057889 354.06972562566835 353.6895971406116 350.2769703493043 352.31315597745254 354.92564348810106 364.71986619324736 362.75599509003985 359.8856441191707 358.16618712389993 363.28272561479565 367.59597979598453 368.21931316459853 366.4453265627014 367.0206289333551 365.9180219743954 365.6783591160984 366.10976210963435 364.9594634024495 363.8095815720499 363.3785086247409 361.0331720477485 358.16618712389993 356.21106149780087 353.879639390318 351.602189400398 351.886492522293 351.93388727887753 352.597734836599 353.54709464386826
